2 0.000000 -32.258065
5 0.000000 -32.258065
315 0.000000 -32.258065
316 0.000000 -32.258065
317 0.000000 -32.258065
318 0.000000 -32.258065
319 0.000000 -32.258065
320 0.000000 -32.258065
321 0.000000 -32.258065
322 0.000000 -32.258065
323 0.000000 -32.258065
324 0.000000 -32.258065
325 0.000000 -32.258065
326 0.000000 -32.258065
327 0.000000 -32.258065
328 0.000000 -32.258065
329 0.000000 -32.258065
330 0.000000 -32.258065
331 0.000000 -32.258065
332 0.000000 -32.258065
333 0.000000 -32.258065
334 0.000000 -32.258065
335 0.000000 -32.258065
336 0.000000 -32.258065
337 0.000000 -32.258065
338 0.000000 -32.258065
339 0.000000 -32.258065
340 0.000000 -32.258065
341 0.000000 -32.258065
342 0.000000 -32.258065
343 0.000000 -32.258065
