0 0.000000 0.000000 -1 -1
1 8.000000 0.000000 0 0
2 8.000000 1.000000 0 0
3 0.000000 1.000000 -1 -1
4 10.000000 0.000000 0 0
5 10.000000 1.000000 0 0
6 0.066667 0.000000 0 0
7 0.133333 0.000000 0 0
8 0.200000 0.000000 0 0
9 0.266667 0.000000 0 0
10 0.333333 0.000000 0 0
11 0.400000 0.000000 0 0
12 0.466667 0.000000 0 0
13 0.533333 0.000000 0 0
14 0.600000 0.000000 0 0
15 0.666667 0.000000 0 0
16 0.733333 0.000000 0 0
17 0.800000 0.000000 0 0
18 0.866667 0.000000 0 0
19 0.933333 0.000000 0 0
20 1.000000 0.000000 0 0
21 1.066667 0.000000 0 0
22 1.133333 0.000000 0 0
23 1.200000 0.000000 0 0
24 1.266667 0.000000 0 0
25 1.333333 0.000000 0 0
26 1.400000 0.000000 0 0
27 1.466667 0.000000 0 0
28 1.533333 0.000000 0 0
29 1.600000 0.000000 0 0
30 1.666667 0.000000 0 0
31 1.733333 0.000000 0 0
32 1.800000 0.000000 0 0
33 1.866667 0.000000 0 0
34 1.933333 0.000000 0 0
35 2.000000 0.000000 0 0
36 2.066667 0.000000 0 0
37 2.133333 0.000000 0 0
38 2.200000 0.000000 0 0
39 2.266667 0.000000 0 0
40 2.333333 0.000000 0 0
41 2.400000 0.000000 0 0
42 2.466667 0.000000 0 0
43 2.533333 0.000000 0 0
44 2.600000 0.000000 0 0
45 2.666667 0.000000 0 0
46 2.733333 0.000000 0 0
47 2.800000 0.000000 0 0
48 2.866667 0.000000 0 0
49 2.933333 0.000000 0 0
50 3.000000 0.000000 0 0
51 3.066667 0.000000 0 0
52 3.133333 0.000000 0 0
53 3.200000 0.000000 0 0
54 3.266667 0.000000 0 0
55 3.333333 0.000000 0 0
56 3.400000 0.000000 0 0
57 3.466667 0.000000 0 0
58 3.533333 0.000000 0 0
59 3.600000 0.000000 0 0
60 3.666667 0.000000 0 0
61 3.733333 0.000000 0 0
62 3.800000 0.000000 0 0
63 3.866667 0.000000 0 0
64 3.933333 0.000000 0 0
65 4.000000 0.000000 0 0
66 4.066667 0.000000 0 0
67 4.133333 0.000000 0 0
68 4.200000 0.000000 0 0
69 4.266667 0.000000 0 0
70 4.333333 0.000000 0 0
71 4.400000 0.000000 0 0
72 4.466667 0.000000 0 0
73 4.533333 0.000000 0 0
74 4.600000 0.000000 0 0
75 4.666667 0.000000 0 0
76 4.733333 0.000000 0 0
77 4.800000 0.000000 0 0
78 4.866667 0.000000 0 0
79 4.933333 0.000000 0 0
80 5.000000 0.000000 0 0
81 5.066667 0.000000 0 0
82 5.133333 0.000000 0 0
83 5.200000 0.000000 0 0
84 5.266667 0.000000 0 0
85 5.333333 0.000000 0 0
86 5.400000 0.000000 0 0
87 5.466667 0.000000 0 0
88 5.533333 0.000000 0 0
89 5.600000 0.000000 0 0
90 5.666667 0.000000 0 0
91 5.733333 0.000000 0 0
92 5.800000 0.000000 0 0
93 5.866667 0.000000 0 0
94 5.933333 0.000000 0 0
95 6.000000 0.000000 0 0
96 6.066667 0.000000 0 0
97 6.133333 0.000000 0 0
98 6.200000 0.000000 0 0
99 6.266667 0.000000 0 0
100 6.333333 0.000000 0 0
101 6.400000 0.000000 0 0
102 6.466667 0.000000 0 0
103 6.533333 0.000000 0 0
104 6.600000 0.000000 0 0
105 6.666667 0.000000 0 0
106 6.733333 0.000000 0 0
107 6.800000 0.000000 0 0
108 6.866667 0.000000 0 0
109 6.933333 0.000000 0 0
110 7.000000 0.000000 0 0
111 7.066667 0.000000 0 0
112 7.133333 0.000000 0 0
113 7.200000 0.000000 0 0
114 7.266667 0.000000 0 0
115 7.333333 0.000000 0 0
116 7.400000 0.000000 0 0
117 7.466667 0.000000 0 0
118 7.533333 0.000000 0 0
119 7.600000 0.000000 0 0
120 7.666667 0.000000 0 0
121 7.733333 0.000000 0 0
122 7.800000 0.000000 0 0
123 7.866667 0.000000 0 0
124 7.933333 0.000000 0 0
125 8.000000 0.066667 0 0
126 8.000000 0.133333 0 0
127 8.000000 0.200000 0 0
128 8.000000 0.266667 0 0
129 8.000000 0.333333 0 0
130 8.000000 0.400000 0 0
131 8.000000 0.466667 0 0
132 8.000000 0.533333 0 0
133 8.000000 0.600000 0 0
134 8.000000 0.666667 0 0
135 8.000000 0.733333 0 0
136 8.000000 0.800000 0 0
137 8.000000 0.866667 0 0
138 8.000000 0.933333 0 0
139 7.933333 1.000000 0 0
140 7.866667 1.000000 0 0
141 7.800000 1.000000 0 0
142 7.733333 1.000000 0 0
143 7.666667 1.000000 0 0
144 7.600000 1.000000 0 0
145 7.533333 1.000000 0 0
146 7.466667 1.000000 0 0
147 7.400000 1.000000 0 0
148 7.333333 1.000000 0 0
149 7.266667 1.000000 0 0
150 7.200000 1.000000 0 0
151 7.133333 1.000000 0 0
152 7.066667 1.000000 0 0
153 7.000000 1.000000 0 0
154 6.933333 1.000000 0 0
155 6.866667 1.000000 0 0
156 6.800000 1.000000 0 0
157 6.733333 1.000000 0 0
158 6.666667 1.000000 0 0
159 6.600000 1.000000 0 0
160 6.533333 1.000000 0 0
161 6.466667 1.000000 0 0
162 6.400000 1.000000 0 0
163 6.333333 1.000000 0 0
164 6.266667 1.000000 0 0
165 6.200000 1.000000 0 0
166 6.133333 1.000000 0 0
167 6.066667 1.000000 0 0
168 6.000000 1.000000 0 0
169 5.933333 1.000000 0 0
170 5.866667 1.000000 0 0
171 5.800000 1.000000 0 0
172 5.733333 1.000000 0 0
173 5.666667 1.000000 0 0
174 5.600000 1.000000 0 0
175 5.533333 1.000000 0 0
176 5.466667 1.000000 0 0
177 5.400000 1.000000 0 0
178 5.333333 1.000000 0 0
179 5.266667 1.000000 0 0
180 5.200000 1.000000 0 0
181 5.133333 1.000000 0 0
182 5.066667 1.000000 0 0
183 5.000000 1.000000 0 0
184 4.933333 1.000000 0 0
185 4.866667 1.000000 0 0
186 4.800000 1.000000 0 0
187 4.733333 1.000000 0 0
188 4.666667 1.000000 0 0
189 4.600000 1.000000 0 0
190 4.533333 1.000000 0 0
191 4.466667 1.000000 0 0
192 4.400000 1.000000 0 0
193 4.333333 1.000000 0 0
194 4.266667 1.000000 0 0
195 4.200000 1.000000 0 0
196 4.133333 1.000000 0 0
197 4.066667 1.000000 0 0
198 4.000000 1.000000 0 0
199 3.933333 1.000000 0 0
200 3.866667 1.000000 0 0
201 3.800000 1.000000 0 0
202 3.733333 1.000000 0 0
203 3.666667 1.000000 0 0
204 3.600000 1.000000 0 0
205 3.533333 1.000000 0 0
206 3.466667 1.000000 0 0
207 3.400000 1.000000 0 0
208 3.333333 1.000000 0 0
209 3.266667 1.000000 0 0
210 3.200000 1.000000 0 0
211 3.133333 1.000000 0 0
212 3.066667 1.000000 0 0
213 3.000000 1.000000 0 0
214 2.933333 1.000000 0 0
215 2.866667 1.000000 0 0
216 2.800000 1.000000 0 0
217 2.733333 1.000000 0 0
218 2.666667 1.000000 0 0
219 2.600000 1.000000 0 0
220 2.533333 1.000000 0 0
221 2.466667 1.000000 0 0
222 2.400000 1.000000 0 0
223 2.333333 1.000000 0 0
224 2.266667 1.000000 0 0
225 2.200000 1.000000 0 0
226 2.133333 1.000000 0 0
227 2.066667 1.000000 0 0
228 2.000000 1.000000 0 0
229 1.933333 1.000000 0 0
230 1.866667 1.000000 0 0
231 1.800000 1.000000 0 0
232 1.733333 1.000000 0 0
233 1.666667 1.000000 0 0
234 1.600000 1.000000 0 0
235 1.533333 1.000000 0 0
236 1.466667 1.000000 0 0
237 1.400000 1.000000 0 0
238 1.333333 1.000000 0 0
239 1.266667 1.000000 0 0
240 1.200000 1.000000 0 0
241 1.133333 1.000000 0 0
242 1.066667 1.000000 0 0
243 1.000000 1.000000 0 0
244 0.933333 1.000000 0 0
245 0.866667 1.000000 0 0
246 0.800000 1.000000 0 0
247 0.733333 1.000000 0 0
248 0.666667 1.000000 0 0
249 0.600000 1.000000 0 0
250 0.533333 1.000000 0 0
251 0.466667 1.000000 0 0
252 0.400000 1.000000 0 0
253 0.333333 1.000000 0 0
254 0.266667 1.000000 0 0
255 0.200000 1.000000 0 0
256 0.133333 1.000000 0 0
257 0.066667 1.000000 0 0
258 0.000000 0.933333 -1 -1
259 0.000000 0.866667 -1 -1
260 0.000000 0.800000 -1 -1
261 0.000000 0.733333 -1 -1
262 0.000000 0.666667 -1 -1
263 0.000000 0.600000 -1 -1
264 0.000000 0.533333 -1 -1
265 0.000000 0.466667 -1 -1
266 0.000000 0.400000 -1 -1
267 0.000000 0.333333 -1 -1
268 0.000000 0.266667 -1 -1
269 0.000000 0.200000 -1 -1
270 0.000000 0.133333 -1 -1
271 0.000000 0.066667 -1 -1
272 8.066667 0.000000 0 0
273 8.133333 0.000000 0 0
274 8.200000 0.000000 0 0
275 8.266667 0.000000 0 0
276 8.333333 0.000000 0 0
277 8.400000 0.000000 0 0
278 8.466667 0.000000 0 0
279 8.533333 0.000000 0 0
280 8.600000 0.000000 0 0
281 8.666667 0.000000 0 0
282 8.733333 0.000000 0 0
283 8.800000 0.000000 0 0
284 8.866667 0.000000 0 0
285 8.933333 0.000000 0 0
286 9.000000 0.000000 0 0
287 9.066667 0.000000 0 0
288 9.133333 0.000000 0 0
289 9.200000 0.000000 0 0
290 9.266667 0.000000 0 0
291 9.333333 0.000000 0 0
292 9.400000 0.000000 0 0
293 9.466667 0.000000 0 0
294 9.533333 0.000000 0 0
295 9.600000 0.000000 0 0
296 9.666667 0.000000 0 0
297 9.733333 0.000000 0 0
298 9.800000 0.000000 0 0
299 9.866667 0.000000 0 0
300 9.933333 0.000000 0 0
301 10.000000 0.066667 0 0
302 10.000000 0.133333 0 0
303 10.000000 0.200000 0 0
304 10.000000 0.266667 0 0
305 10.000000 0.333333 0 0
306 10.000000 0.400000 0 0
307 10.000000 0.466667 0 0
308 10.000000 0.533333 0 0
309 10.000000 0.600000 0 0
310 10.000000 0.666667 0 0
311 10.000000 0.733333 0 0
312 10.000000 0.800000 0 0
313 10.000000 0.866667 0 0
314 10.000000 0.933333 0 0
315 9.933333 1.000000 0 0
316 9.866667 1.000000 0 0
317 9.800000 1.000000 0 0
318 9.733333 1.000000 0 0
319 9.666667 1.000000 0 0
320 9.600000 1.000000 0 0
321 9.533333 1.000000 0 0
322 9.466667 1.000000 0 0
323 9.400000 1.000000 0 0
324 9.333333 1.000000 0 0
325 9.266667 1.000000 0 0
326 9.200000 1.000000 0 0
327 9.133333 1.000000 0 0
328 9.066667 1.000000 0 0
329 9.000000 1.000000 0 0
330 8.933333 1.000000 0 0
331 8.866667 1.000000 0 0
332 8.800000 1.000000 0 0
333 8.733333 1.000000 0 0
334 8.666667 1.000000 0 0
335 8.600000 1.000000 0 0
336 8.533333 1.000000 0 0
337 8.466667 1.000000 0 0
338 8.400000 1.000000 0 0
339 8.333333 1.000000 0 0
340 8.266667 1.000000 0 0
341 8.200000 1.000000 0 0
342 8.133333 1.000000 0 0
343 8.066667 1.000000 0 0
344 2.100000 0.057735 0 0
345 2.366667 0.057735 0 0
346 2.633333 0.057735 0 0
347 2.900000 0.057735 0 0
348 3.166667 0.057735 0 0
349 3.433333 0.057735 0 0
350 3.700000 0.057735 0 0
351 3.966667 0.057735 0 0
352 4.233333 0.057735 0 0
353 4.500000 0.057735 0 0
354 4.766667 0.057735 0 0
355 5.033333 0.057735 0 0
356 5.300000 0.057735 0 0
357 5.566667 0.057735 0 0
358 5.833333 0.057735 0 0
359 6.100000 0.057735 0 0
360 6.366667 0.057735 0 0
361 6.700000 0.057735 0 0
362 6.966667 0.057735 0 0
363 7.233333 0.057735 0 0
364 7.500000 0.057735 0 0
365 0.698851 0.946233 0 0
366 1.098070 0.941521 0 0
367 1.366667 0.942265 0 0
368 1.633333 0.942265 0 0
369 1.900000 0.942265 0 0
370 0.500000 0.057735 0 0
371 0.900000 0.057735 0 0
372 7.366667 0.942265 0 0
373 6.833333 0.942265 0 0
374 6.566667 0.942265 0 0
375 6.233333 0.942265 0 0
376 5.700000 0.942265 0 0
377 5.166667 0.942265 0 0
378 4.900000 0.942265 0 0
379 4.633333 0.942265 0 0
380 4.364737 0.935290 0 0
381 2.233333 0.942265 0 0
382 3.031403 0.935290 0 0
383 2.766667 0.942265 0 0
384 7.100000 0.945596 0 0
385 5.966667 0.942265 0 0
386 5.433333 0.942265 0 0
387 4.100000 0.942265 0 0
388 3.833333 0.942265 0 0
389 3.566667 0.942265 0 0
390 3.300000 0.945596 0 0
391 2.500000 0.942265 0 0
392 1.233333 0.057735 0 0
393 1.500000 0.057735 0 0
394 1.766667 0.057735 0 0
395 7.941266 0.500313 0 0
396 0.058734 0.500313 0 0
397 0.433333 0.942265 0 0
398 7.562806 0.936351 0 0
399 0.700000 0.057735 0 0
400 0.898030 0.942427 0 0
401 7.700000 0.057735 0 0
402 0.059491 0.303981 0 0
403 7.936333 0.696086 0 0
404 0.063667 0.696086 0 0
405 7.940509 0.303981 0 0
406 0.300000 0.057735 0 0
407 7.764737 0.941521 0 0
408 0.233333 0.942265 0 0
409 1.233333 0.942265 0 0
410 6.366667 0.942265 0 0
411 5.566667 0.945596 0 0
412 4.233333 0.942265 0 0
413 6.233333 0.057735 0 0
414 2.233333 0.057735 0 0
415 6.566667 0.057735 0 0
416 6.966667 0.942265 0 0
417 6.700000 0.942265 0 0
418 4.766667 0.942265 0 0
419 1.966667 0.057735 0 0
420 3.033333 0.057735 0 0
421 2.766667 0.057735 0 0
422 2.033333 0.942265 0 0
423 1.766667 0.942265 0 0
424 1.500000 0.942265 0 0
425 2.900000 0.942265 0 0
426 2.633333 0.942265 0 0
427 2.364737 0.935343 0 0
428 5.831403 0.935290 0 0
429 5.298070 0.935290 0 0
430 4.100000 0.057735 0 0
431 7.366667 0.057735 0 0
432 4.366667 0.057735 0 0
433 4.633333 0.057735 0 0
434 4.900000 0.057735 0 0
435 7.100000 0.057735 0 0
436 3.300000 0.057735 0 0
437 3.566667 0.057735 0 0
438 3.833333 0.057735 0 0
439 1.366667 0.057735 0 0
440 1.633333 0.057735 0 0
441 2.500000 0.057735 0 0
442 5.166667 0.057735 0 0
443 5.433333 0.057735 0 0
444 5.700000 0.057735 0 0
445 5.966667 0.057735 0 0
446 6.833333 0.057735 0 0
447 6.100000 0.945596 0 0
448 5.033333 0.942265 0 0
449 4.500000 0.942265 0 0
450 3.966667 0.942265 0 0
451 3.700000 0.942265 0 0
452 3.433333 0.942265 0 0
453 3.166667 0.942265 0 0
454 1.100000 0.057735 0 0
455 0.566667 0.942265 0 0
456 7.233333 0.942265 0 0
457 7.833333 0.057735 0 0
458 0.166667 0.057735 0 0
459 0.058067 0.833545 0 0
460 7.941933 0.833545 0 0
461 7.940247 0.160885 0 0
462 0.059753 0.160885 0 0
463 7.899225 0.949566 0 0
464 0.100775 0.949566 0 0
465 7.899718 0.056451 0 0
466 7.877026 0.120989 0 0
467 7.801727 0.116390 0 0
468 7.833333 0.173205 0 0
469 7.766954 0.173358 0 0
470 7.800048 0.230966 0 0
471 7.733389 0.230970 0 0
472 7.766684 0.288684 0 0
473 7.700012 0.288682 0 0
474 7.733338 0.346413 0 0
475 7.666670 0.346412 0 0
476 7.700001 0.404146 0 0
477 7.633334 0.404146 0 0
478 7.666667 0.461880 0 0
479 7.600000 0.461880 0 0
480 7.566667 0.404145 0 0
481 7.533333 0.461880 0 0
482 7.500000 0.404145 0 0
483 7.466667 0.461880 0 0
484 7.433333 0.404145 0 0
485 7.400000 0.461880 0 0
486 7.366667 0.404145 0 0
487 7.333333 0.461880 0 0
488 7.300000 0.404145 0 0
489 7.266667 0.461880 0 0
490 7.233333 0.404145 0 0
491 7.200000 0.461880 0 0
492 7.166667 0.404145 0 0
493 7.133333 0.461880 0 0
494 7.100000 0.404145 0 0
495 7.066667 0.461880 0 0
496 7.033333 0.404145 0 0
497 7.000000 0.461880 0 0
498 6.966667 0.404145 0 0
499 6.933333 0.461880 0 0
500 6.900000 0.404145 0 0
501 6.866667 0.461880 0 0
502 6.833333 0.404145 0 0
503 6.800000 0.461880 0 0
504 6.766667 0.404145 0 0
505 6.733333 0.461880 0 0
506 6.700000 0.404145 0 0
507 6.666667 0.461880 0 0
508 6.633333 0.404145 0 0
509 6.600000 0.461880 0 0
510 6.566667 0.404145 0 0
511 6.533333 0.461880 0 0
512 6.500000 0.404145 0 0
513 6.466667 0.461880 0 0
514 6.433333 0.404145 0 0
515 6.400000 0.461880 0 0
516 6.366667 0.404145 0 0
517 6.333333 0.461880 0 0
518 6.300000 0.404145 0 0
519 6.266667 0.461880 0 0
520 6.233333 0.404145 0 0
521 6.200000 0.461880 0 0
522 6.166667 0.404145 0 0
523 6.133333 0.461880 0 0
524 6.100000 0.404145 0 0
525 6.066667 0.461880 0 0
526 6.033333 0.404145 0 0
527 6.000000 0.461880 0 0
528 5.966667 0.404145 0 0
529 5.933333 0.461880 0 0
530 5.900000 0.404145 0 0
531 5.866667 0.461880 0 0
532 5.833333 0.404145 0 0
533 5.800000 0.461880 0 0
534 5.766667 0.404145 0 0
535 5.733333 0.461880 0 0
536 5.700000 0.404145 0 0
537 5.666667 0.461880 0 0
538 5.633333 0.404145 0 0
539 5.600000 0.461880 0 0
540 5.566667 0.404145 0 0
541 5.533333 0.461880 0 0
542 5.500000 0.404145 0 0
543 5.466667 0.461880 0 0
544 5.433333 0.404145 0 0
545 5.400000 0.461880 0 0
546 5.366667 0.404145 0 0
547 5.333333 0.461880 0 0
548 5.300000 0.404145 0 0
549 5.266667 0.461880 0 0
550 5.233333 0.404145 0 0
551 5.200000 0.461880 0 0
552 5.166667 0.404145 0 0
553 5.133333 0.461880 0 0
554 5.100000 0.404145 0 0
555 5.066667 0.461880 0 0
556 5.033333 0.404145 0 0
557 5.000000 0.461880 0 0
558 4.966667 0.404145 0 0
559 4.933333 0.461880 0 0
560 4.900000 0.404145 0 0
561 4.866667 0.461880 0 0
562 4.833333 0.404145 0 0
563 4.800000 0.461880 0 0
564 4.766667 0.404145 0 0
565 4.733333 0.461880 0 0
566 4.700000 0.404145 0 0
567 4.666667 0.461880 0 0
568 4.633333 0.404145 0 0
569 4.600000 0.461880 0 0
570 4.566667 0.404145 0 0
571 4.533333 0.461880 0 0
572 4.500000 0.404145 0 0
573 4.466667 0.461880 0 0
574 4.433333 0.404145 0 0
575 4.400000 0.461880 0 0
576 4.366667 0.404145 0 0
577 4.333333 0.461880 0 0
578 4.300000 0.404145 0 0
579 4.266667 0.461880 0 0
580 4.233333 0.404145 0 0
581 4.200000 0.461880 0 0
582 4.166667 0.404145 0 0
583 4.133333 0.461880 0 0
584 4.100000 0.404145 0 0
585 4.066667 0.461880 0 0
586 4.033333 0.404145 0 0
587 4.000000 0.461880 0 0
588 3.966667 0.404145 0 0
589 3.933333 0.461880 0 0
590 3.900000 0.404145 0 0
591 3.866667 0.461880 0 0
592 3.833333 0.404145 0 0
593 3.800000 0.461880 0 0
594 3.766667 0.404145 0 0
595 3.733333 0.461880 0 0
596 3.700000 0.404145 0 0
597 3.666667 0.461880 0 0
598 3.633333 0.404145 0 0
599 3.600000 0.461880 0 0
600 3.566667 0.404145 0 0
601 3.533333 0.461880 0 0
602 3.500000 0.404145 0 0
603 3.466667 0.461880 0 0
604 3.433333 0.404145 0 0
605 3.400000 0.461880 0 0
606 3.366667 0.404145 0 0
607 3.333333 0.461880 0 0
608 3.300000 0.404145 0 0
609 3.266667 0.461880 0 0
610 3.233333 0.404145 0 0
611 3.200000 0.461880 0 0
612 3.166667 0.404145 0 0
613 3.133333 0.461880 0 0
614 3.100000 0.404145 0 0
615 3.066667 0.461880 0 0
616 3.033333 0.404145 0 0
617 3.000000 0.461880 0 0
618 2.966667 0.404145 0 0
619 2.933333 0.461880 0 0
620 2.900000 0.404145 0 0
621 2.866667 0.461880 0 0
622 2.833333 0.404145 0 0
623 2.800000 0.461880 0 0
624 2.766667 0.404145 0 0
625 2.733333 0.461880 0 0
626 2.700000 0.404145 0 0
627 2.666667 0.461880 0 0
628 2.633333 0.404145 0 0
629 2.600000 0.461880 0 0
630 2.566667 0.404145 0 0
631 2.533333 0.461880 0 0
632 2.500000 0.404145 0 0
633 2.466667 0.461880 0 0
634 2.433333 0.404145 0 0
635 2.400000 0.461880 0 0
636 2.366667 0.404145 0 0
637 2.333333 0.461880 0 0
638 2.300000 0.404145 0 0
639 2.266667 0.461880 0 0
640 2.233333 0.404145 0 0
641 2.200000 0.461880 0 0
642 2.166667 0.404145 0 0
643 2.133333 0.461880 0 0
644 2.100000 0.404145 0 0
645 2.066667 0.461880 0 0
646 2.033333 0.404145 0 0
647 2.000000 0.461880 0 0
648 1.966667 0.404145 0 0
649 1.933333 0.461880 0 0
650 1.900000 0.404145 0 0
651 1.866667 0.461880 0 0
652 1.833333 0.404145 0 0
653 1.800000 0.461880 0 0
654 1.766667 0.404145 0 0
655 1.733333 0.461880 0 0
656 1.700000 0.404145 0 0
657 1.666667 0.461880 0 0
658 1.633333 0.404145 0 0
659 1.600000 0.461880 0 0
660 1.566667 0.404145 0 0
661 1.533333 0.461880 0 0
662 1.500000 0.404145 0 0
663 1.466667 0.461880 0 0
664 1.433333 0.404145 0 0
665 1.400000 0.461880 0 0
666 1.366667 0.404145 0 0
667 1.333333 0.461880 0 0
668 1.300000 0.404145 0 0
669 1.266667 0.461880 0 0
670 1.233333 0.404145 0 0
671 1.200000 0.461880 0 0
672 1.166667 0.404145 0 0
673 1.133333 0.461880 0 0
674 1.100000 0.404145 0 0
675 1.066667 0.461880 0 0
676 1.033333 0.404145 0 0
677 1.000000 0.461880 0 0
678 0.966667 0.404145 0 0
679 0.933333 0.461880 0 0
680 0.900000 0.404145 0 0
681 0.866667 0.461880 0 0
682 0.833333 0.404145 0 0
683 0.800000 0.461880 0 0
684 0.766667 0.404145 0 0
685 0.733333 0.461880 0 0
686 0.700000 0.404145 0 0
687 0.666667 0.461880 0 0
688 0.633333 0.404145 0 0
689 0.600000 0.461880 0 0
690 0.566667 0.404145 0 0
691 0.533333 0.461880 0 0
692 0.500000 0.404145 0 0
693 0.466667 0.461880 0 0
694 7.633333 0.519615 0 0
695 7.433333 0.519615 0 0
696 7.166667 0.519615 0 0
697 6.900000 0.519615 0 0
698 6.433333 0.519615 0 0
699 6.633333 0.519615 0 0
700 6.166667 0.519615 0 0
701 5.900000 0.519615 0 0
702 5.633333 0.519615 0 0
703 5.366667 0.519615 0 0
704 5.100000 0.519615 0 0
705 4.833333 0.519615 0 0
706 4.566667 0.519615 0 0
707 4.300000 0.519615 0 0
708 4.033333 0.519615 0 0
709 3.766667 0.519615 0 0
710 3.500000 0.519615 0 0
711 3.233333 0.519615 0 0
712 2.966667 0.519615 0 0
713 2.700000 0.519615 0 0
714 2.100000 0.519615 0 0
715 2.433333 0.519615 0 0
716 1.833333 0.519615 0 0
717 1.566667 0.519615 0 0
718 1.300000 0.519615 0 0
719 0.966667 0.519615 0 0
720 0.766667 0.519615 0 0
721 0.500000 0.519615 0 0
722 0.433333 0.519615 0 0
723 0.433333 0.404145 0 0
724 0.466667 0.577350 0 0
725 0.400000 0.577350 0 0
726 0.600000 0.346410 0 0
727 0.800000 0.346410 0 0
728 1.000000 0.346410 0 0
729 1.866667 0.346410 0 0
730 6.466667 0.346410 0 0
731 0.433333 0.635085 0 0
732 0.500000 0.635085 0 0
733 0.366667 0.635085 0 0
734 0.333333 0.577350 0 0
735 1.200000 0.346410 0 0
736 1.400000 0.346410 0 0
737 1.600000 0.346410 0 0
738 2.133333 0.346410 0 0
739 2.400000 0.346410 0 0
740 2.666667 0.346410 0 0
741 2.933333 0.346410 0 0
742 3.200000 0.346410 0 0
743 3.466667 0.346410 0 0
744 3.733333 0.346410 0 0
745 4.000000 0.346410 0 0
746 4.266667 0.346410 0 0
747 4.533333 0.346410 0 0
748 4.800000 0.346410 0 0
749 5.066667 0.346410 0 0
750 5.266667 0.346410 0 0
751 5.466667 0.346410 0 0
752 5.666667 0.346410 0 0
753 5.866667 0.346410 0 0
754 6.066667 0.346410 0 0
755 6.266667 0.346410 0 0
756 6.666667 0.346410 0 0
757 6.866667 0.346410 0 0
758 7.133333 0.346410 0 0
759 7.400000 0.346410 0 0
760 2.533333 0.346410 0 0
761 2.233333 0.519615 0 0
762 5.766667 0.519615 0 0
763 1.100000 0.519615 0 0
764 1.433333 0.519615 0 0
765 2.800000 0.346410 0 0
766 4.966667 0.519615 0 0
767 1.733333 0.346410 0 0
768 3.600000 0.346410 0 0
769 3.066667 0.346410 0 0
770 6.300000 0.519615 0 0
771 4.433333 0.519615 0 0
772 4.166667 0.519615 0 0
773 3.900000 0.519615 0 0
774 4.400000 0.346410 0 0
775 5.233333 0.519615 0 0
776 2.833333 0.519615 0 0
777 4.133333 0.346410 0 0
778 3.366667 0.519615 0 0
779 7.633336 0.288676 0 0
780 3.333333 0.346410 0 0
781 3.633333 0.519615 0 0
782 3.866667 0.346410 0 0
783 4.700000 0.519615 0 0
784 3.100000 0.519615 0 0
785 1.700000 0.519615 0 0
786 4.666667 0.346410 0 0
787 6.033333 0.519615 0 0
788 4.933333 0.346410 0 0
789 2.266667 0.346410 0 0
790 2.566667 0.519615 0 0
791 2.000000 0.346410 0 0
792 1.966667 0.519615 0 0
793 7.000000 0.346410 0 0
794 7.300000 0.519615 0 0
795 5.500000 0.519615 0 0
796 6.766667 0.519615 0 0
797 7.266667 0.346410 0 0
798 7.033333 0.519615 0 0
799 0.466667 0.346410 0 0
800 0.400000 0.346410 0 0
801 7.700000 0.519615 0 0
802 7.666667 0.577350 0 0
803 0.300000 0.635085 0 0
804 0.333333 0.692820 0 0
805 0.466667 0.692820 0 0
806 0.533333 0.692820 0 0
807 0.433333 0.288675 0 0
808 0.366667 0.288675 0 0
809 0.333333 0.346410 0 0
810 0.300000 0.288675 0 0
811 0.266667 0.346410 0 0
812 7.733333 0.577350 0 0
813 7.700000 0.635085 0 0
814 7.633333 0.635085 0 0
815 7.666667 0.692820 0 0
816 7.600000 0.692820 0 0
817 0.266667 0.577350 0 0
818 0.266667 0.692820 0 0
819 7.733333 0.692820 0 0
820 0.400000 0.230940 0 0
821 0.466667 0.230940 0 0
822 0.633333 0.519615 0 0
823 7.633333 0.750555 0 0
824 7.566667 0.750555 0 0
825 7.533333 0.692820 0 0
826 7.500000 0.750555 0 0
827 7.466667 0.692820 0 0
828 7.433333 0.747224 0 0
829 7.400000 0.692265 0 0
830 7.364737 0.756922 0 0
831 7.333012 0.693789 0 0
832 7.300000 0.750555 0 0
833 7.266613 0.692982 0 0
834 7.233324 0.750582 0 0
835 7.199990 0.692852 0 0
836 7.166663 0.750565 0 0
837 7.133333 0.692820 0 0
838 7.099999 0.750557 0 0
839 7.066667 0.692821 0 0
840 7.033333 0.750556 0 0
841 7.000000 0.692820 0 0
842 6.966667 0.750555 0 0
843 6.933333 0.692820 0 0
844 6.900000 0.750555 0 0
845 6.866667 0.692820 0 0
846 6.833333 0.750555 0 0
847 6.800000 0.692820 0 0
848 6.766667 0.750555 0 0
849 6.733333 0.692820 0 0
850 6.700000 0.750555 0 0
851 6.666667 0.692820 0 0
852 6.633333 0.750555 0 0
853 6.600000 0.692820 0 0
854 6.566667 0.750555 0 0
855 6.533333 0.692820 0 0
856 6.500000 0.750555 0 0
857 6.466667 0.692820 0 0
858 6.433333 0.747224 0 0
859 6.400000 0.692265 0 0
860 6.364737 0.756922 0 0
861 6.333012 0.693789 0 0
862 6.300000 0.750555 0 0
863 6.266613 0.692982 0 0
864 6.233324 0.750582 0 0
865 6.199990 0.692852 0 0
866 6.166663 0.750565 0 0
867 6.133333 0.692820 0 0
868 6.099999 0.750557 0 0
869 6.066667 0.692821 0 0
870 6.033333 0.750556 0 0
871 6.000000 0.692820 0 0
872 5.966667 0.750555 0 0
873 5.933333 0.692820 0 0
874 5.900000 0.750555 0 0
875 5.866667 0.692820 0 0
876 5.833333 0.750555 0 0
877 5.800000 0.692820 0 0
878 5.766667 0.750555 0 0
879 5.733333 0.692820 0 0
880 5.700000 0.750555 0 0
881 5.666667 0.692820 0 0
882 5.633333 0.750555 0 0
883 5.600000 0.692820 0 0
884 5.566667 0.750555 0 0
885 5.533333 0.692820 0 0
886 5.500000 0.750555 0 0
887 5.466667 0.692820 0 0
888 5.433333 0.750555 0 0
889 5.400000 0.692820 0 0
890 5.366667 0.750555 0 0
891 5.333333 0.692820 0 0
892 5.300000 0.750555 0 0
893 5.266667 0.692820 0 0
894 5.233333 0.750555 0 0
895 5.200000 0.692820 0 0
896 5.166667 0.750555 0 0
897 5.133333 0.692820 0 0
898 5.100000 0.750555 0 0
899 5.066667 0.692820 0 0
900 5.033333 0.750555 0 0
901 5.000000 0.692820 0 0
902 4.966667 0.750555 0 0
903 4.933333 0.692820 0 0
904 4.900000 0.750555 0 0
905 4.866667 0.692820 0 0
906 4.833333 0.750555 0 0
907 4.800000 0.692820 0 0
908 4.766667 0.750555 0 0
909 4.733333 0.692820 0 0
910 4.700000 0.750555 0 0
911 4.666667 0.692820 0 0
912 4.633333 0.750555 0 0
913 4.600000 0.692820 0 0
914 4.566667 0.750555 0 0
915 4.533333 0.692820 0 0
916 4.500000 0.750555 0 0
917 4.466667 0.692820 0 0
918 4.433333 0.750555 0 0
919 4.400000 0.692820 0 0
920 4.366667 0.750555 0 0
921 4.333333 0.692820 0 0
922 4.300000 0.750555 0 0
923 4.266667 0.692820 0 0
924 4.233333 0.750555 0 0
925 4.200000 0.692820 0 0
926 4.166667 0.750555 0 0
927 4.133333 0.692820 0 0
928 4.100000 0.750555 0 0
929 4.066667 0.692820 0 0
930 4.033333 0.750555 0 0
931 4.000000 0.692820 0 0
932 3.966667 0.750555 0 0
933 3.933333 0.692820 0 0
934 3.900000 0.750555 0 0
935 3.866667 0.692820 0 0
936 3.833333 0.750555 0 0
937 3.800000 0.692820 0 0
938 3.766667 0.750555 0 0
939 3.733333 0.692820 0 0
940 3.700000 0.750555 0 0
941 3.666667 0.692820 0 0
942 3.633333 0.750555 0 0
943 3.600000 0.692820 0 0
944 3.566667 0.750555 0 0
945 3.533333 0.692820 0 0
946 3.500000 0.750555 0 0
947 3.466667 0.692820 0 0
948 3.433333 0.750555 0 0
949 3.400000 0.692820 0 0
950 3.366667 0.750555 0 0
951 3.333333 0.692820 0 0
952 3.300000 0.750555 0 0
953 3.266667 0.692820 0 0
954 3.233333 0.750555 0 0
955 3.200000 0.692820 0 0
956 3.166667 0.750555 0 0
957 3.133333 0.692820 0 0
958 3.100000 0.750555 0 0
959 3.066667 0.692820 0 0
960 3.033333 0.750555 0 0
961 3.000000 0.692820 0 0
962 2.966667 0.750555 0 0
963 2.933333 0.692820 0 0
964 2.900000 0.750555 0 0
965 2.866667 0.692820 0 0
966 2.833333 0.750555 0 0
967 2.800000 0.692820 0 0
968 2.766667 0.750555 0 0
969 2.733333 0.692820 0 0
970 2.700000 0.750555 0 0
971 2.666667 0.692820 0 0
972 2.633333 0.750555 0 0
973 2.600000 0.692820 0 0
974 2.566667 0.750555 0 0
975 2.533333 0.692820 0 0
976 2.500000 0.750555 0 0
977 2.466667 0.692820 0 0
978 2.433333 0.750555 0 0
979 2.400000 0.692820 0 0
980 2.366667 0.750555 0 0
981 2.333333 0.692820 0 0
982 2.300000 0.750555 0 0
983 2.266667 0.692820 0 0
984 2.233333 0.750555 0 0
985 2.200000 0.692820 0 0
986 2.166667 0.750555 0 0
987 2.133333 0.692820 0 0
988 2.100000 0.747224 0 0
989 2.066667 0.692265 0 0
990 2.031403 0.756922 0 0
991 1.999678 0.693789 0 0
992 1.966667 0.750555 0 0
993 1.933280 0.692982 0 0
994 1.899991 0.750582 0 0
995 1.866656 0.692852 0 0
996 1.833330 0.750565 0 0
997 1.800000 0.692820 0 0
998 1.766666 0.750557 0 0
999 1.733333 0.692821 0 0
1000 1.700000 0.750556 0 0
1001 1.666667 0.692820 0 0
1002 1.633333 0.750555 0 0
1003 1.600000 0.692820 0 0
1004 1.566667 0.750555 0 0
1005 1.533333 0.692820 0 0
1006 1.500000 0.750555 0 0
1007 1.466667 0.692820 0 0
1008 1.433333 0.750555 0 0
1009 1.400000 0.692820 0 0
1010 1.366667 0.750555 0 0
1011 1.333333 0.692820 0 0
1012 1.300000 0.750555 0 0
1013 1.266667 0.692820 0 0
1014 1.233333 0.750555 0 0
1015 1.200000 0.692820 0 0
1016 1.166667 0.750555 0 0
1017 1.133333 0.692820 0 0
1018 1.100000 0.750555 0 0
1019 1.066667 0.692820 0 0
1020 1.033333 0.750555 0 0
1021 1.000000 0.692820 0 0
1022 0.966667 0.750555 0 0
1023 0.933333 0.692820 0 0
1024 0.900000 0.750555 0 0
1025 0.866667 0.692820 0 0
1026 0.833333 0.750555 0 0
1027 0.800000 0.692820 0 0
1028 0.766667 0.750555 0 0
1029 0.733333 0.692820 0 0
1030 0.700000 0.750555 0 0
1031 0.300000 0.750555 0 0
1032 0.500000 0.750555 0 0
1033 7.766668 0.404146 0 0
1034 0.233333 0.750555 0 0
1035 0.233333 0.288675 0 0
1036 7.464737 0.808505 0 0
1037 6.466667 0.808290 0 0
1038 2.131403 0.808558 0 0
1039 1.000000 0.808290 0 0
1040 0.800000 0.808290 0 0
1041 0.266667 0.230940 0 0
1042 0.300000 0.404145 0 0
1043 0.233333 0.404145 0 0
1044 0.200000 0.230940 0 0
1045 0.200000 0.692820 0 0
1046 0.900000 0.635085 0 0
1047 1.233333 0.635085 0 0
1048 1.033333 0.635085 0 0
1049 1.366667 0.635085 0 0
1050 1.500000 0.635085 0 0
1051 1.633333 0.635085 0 0
1052 1.766667 0.635085 0 0
1053 1.899989 0.635117 0 0
1054 2.033280 0.635154 0 0
1055 2.166667 0.635085 0 0
1056 2.366667 0.635085 0 0
1057 2.500000 0.635085 0 0
1058 2.633333 0.635085 0 0
1059 2.766667 0.635085 0 0
1060 2.900000 0.635085 0 0
1061 3.033333 0.635085 0 0
1062 3.166667 0.635085 0 0
1063 3.300000 0.635085 0 0
1064 0.233333 0.173205 0 0
1065 0.433333 0.173205 0 0
1066 0.500000 0.173205 0 0
1067 3.433333 0.635085 0 0
1068 3.566667 0.635085 0 0
1069 3.700000 0.635085 0 0
1070 3.833333 0.635085 0 0
1071 3.966667 0.635085 0 0
1072 4.100000 0.635085 0 0
1073 4.233333 0.635085 0 0
1074 4.366667 0.635085 0 0
1075 4.500000 0.635085 0 0
1076 4.633333 0.635085 0 0
1077 4.766667 0.635085 0 0
1078 4.900000 0.635085 0 0
1079 5.033333 0.635085 0 0
1080 5.166667 0.635085 0 0
1081 5.300000 0.635085 0 0
1082 5.433333 0.635085 0 0
1083 5.566667 0.635085 0 0
1084 5.700000 0.635085 0 0
1085 5.833333 0.635085 0 0
1086 5.966667 0.635085 0 0
1087 6.100000 0.635085 0 0
1088 6.233323 0.635117 0 0
1089 6.366613 0.635154 0 0
1090 6.566667 0.635085 0 0
1091 6.700000 0.635085 0 0
1092 6.833333 0.635085 0 0
1093 6.966667 0.635085 0 0
1094 7.100000 0.635085 0 0
1095 7.233323 0.635117 0 0
1096 7.700057 0.173236 0 0
1097 7.366613 0.635154 0 0
1098 7.500000 0.635085 0 0
1099 0.433333 0.750555 0 0
1100 7.533333 0.346410 0 0
1101 0.566667 0.635085 0 0
1102 0.300000 0.173205 0 0
1103 0.533333 0.230940 0 0
1104 0.566667 0.173205 0 0
1105 0.600000 0.230940 0 0
1106 0.633333 0.173205 0 0
1107 0.666667 0.230940 0 0
1108 0.700000 0.173205 0 0
1109 7.766667 0.519615 0 0
1110 7.800000 0.577350 0 0
1111 0.733333 0.230940 0 0
1112 0.766667 0.173205 0 0
1113 0.800000 0.230940 0 0
1114 0.833333 0.173205 0 0
1115 0.866667 0.230940 0 0
1116 0.900000 0.173205 0 0
1117 0.933333 0.230940 0 0
1118 0.966667 0.173205 0 0
1119 1.000000 0.230940 0 0
1120 1.033333 0.173205 0 0
1121 1.066667 0.230940 0 0
1122 1.100000 0.173205 0 0
1123 1.133333 0.230940 0 0
1124 1.166667 0.173205 0 0
1125 1.200000 0.230940 0 0
1126 1.233333 0.173205 0 0
1127 1.266667 0.230940 0 0
1128 1.300000 0.173205 0 0
1129 1.333333 0.230940 0 0
1130 1.366667 0.173205 0 0
1131 1.400000 0.230940 0 0
1132 1.433333 0.173205 0 0
1133 1.466667 0.230940 0 0
1134 1.500000 0.173205 0 0
1135 1.533333 0.230940 0 0
1136 1.566667 0.173205 0 0
1137 1.600000 0.230940 0 0
1138 1.633333 0.173205 0 0
1139 1.666667 0.230940 0 0
1140 1.700000 0.173205 0 0
1141 1.733333 0.230940 0 0
1142 1.766667 0.173205 0 0
1143 1.800000 0.230940 0 0
1144 1.833333 0.173205 0 0
1145 1.866667 0.230940 0 0
1146 1.900000 0.173205 0 0
1147 1.933333 0.230940 0 0
1148 1.966667 0.173205 0 0
1149 2.000000 0.230940 0 0
1150 2.033333 0.173205 0 0
1151 2.066667 0.230940 0 0
1152 2.100000 0.173205 0 0
1153 2.133333 0.230940 0 0
1154 2.166667 0.173205 0 0
1155 2.200000 0.230940 0 0
1156 2.233333 0.173205 0 0
1157 2.266667 0.230940 0 0
1158 2.300000 0.173205 0 0
1159 2.333333 0.230940 0 0
1160 2.366667 0.173205 0 0
1161 2.400000 0.230940 0 0
1162 2.433333 0.173205 0 0
1163 2.466667 0.230940 0 0
1164 2.500000 0.173205 0 0
1165 2.533333 0.230940 0 0
1166 2.566667 0.173205 0 0
1167 2.600000 0.230940 0 0
1168 2.633333 0.173205 0 0
1169 2.666667 0.230940 0 0
1170 2.700000 0.173205 0 0
1171 2.733333 0.230940 0 0
1172 2.766667 0.173205 0 0
1173 2.800000 0.230940 0 0
1174 2.833333 0.173205 0 0
1175 2.866667 0.230940 0 0
1176 2.900000 0.173205 0 0
1177 2.933333 0.230940 0 0
1178 2.966667 0.173205 0 0
1179 3.000000 0.230940 0 0
1180 3.033333 0.173205 0 0
1181 3.066667 0.230940 0 0
1182 3.100000 0.173205 0 0
1183 3.133333 0.230940 0 0
1184 3.166667 0.173205 0 0
1185 3.200000 0.230940 0 0
1186 3.233333 0.173205 0 0
1187 3.266667 0.230940 0 0
1188 3.300000 0.173205 0 0
1189 3.333333 0.230940 0 0
1190 3.366667 0.173205 0 0
1191 3.400000 0.230940 0 0
1192 3.433333 0.173205 0 0
1193 3.466667 0.230940 0 0
1194 3.500000 0.173205 0 0
1195 3.533333 0.230940 0 0
1196 3.566667 0.173205 0 0
1197 3.600000 0.230940 0 0
1198 3.633333 0.173205 0 0
1199 3.666667 0.230940 0 0
1200 3.700000 0.173205 0 0
1201 3.733333 0.230940 0 0
1202 3.766667 0.173205 0 0
1203 3.800000 0.230940 0 0
1204 3.833333 0.173205 0 0
1205 3.866667 0.230940 0 0
1206 3.900000 0.173205 0 0
1207 3.933333 0.230940 0 0
1208 3.966667 0.173205 0 0
1209 4.000000 0.230940 0 0
1210 4.033333 0.173205 0 0
1211 4.066667 0.230940 0 0
1212 4.100000 0.173205 0 0
1213 4.133333 0.230940 0 0
1214 4.166667 0.173205 0 0
1215 4.200000 0.230940 0 0
1216 4.233333 0.173205 0 0
1217 4.266667 0.230940 0 0
1218 4.300000 0.173205 0 0
1219 4.333333 0.230940 0 0
1220 4.366667 0.173205 0 0
1221 4.400000 0.230940 0 0
1222 4.433333 0.173205 0 0
1223 4.466667 0.230940 0 0
1224 4.500000 0.173205 0 0
1225 4.533333 0.230940 0 0
1226 4.566667 0.173205 0 0
1227 4.600000 0.230940 0 0
1228 4.633333 0.173205 0 0
1229 4.666667 0.230940 0 0
1230 4.700000 0.173205 0 0
1231 4.733333 0.230940 0 0
1232 4.766667 0.173205 0 0
1233 4.800000 0.230940 0 0
1234 4.833333 0.173205 0 0
1235 4.866667 0.230940 0 0
1236 4.900000 0.173205 0 0
1237 4.933333 0.230940 0 0
1238 4.966667 0.173205 0 0
1239 5.000000 0.230940 0 0
1240 5.033333 0.173205 0 0
1241 5.066667 0.230940 0 0
1242 5.100000 0.173205 0 0
1243 5.133333 0.230940 0 0
1244 5.166667 0.173205 0 0
1245 5.200000 0.230940 0 0
1246 5.233333 0.173205 0 0
1247 5.266667 0.230940 0 0
1248 5.300000 0.173205 0 0
1249 5.333333 0.230940 0 0
1250 5.366667 0.173205 0 0
1251 5.400000 0.230940 0 0
1252 5.433333 0.173205 0 0
1253 5.466667 0.230940 0 0
1254 5.500000 0.173205 0 0
1255 5.533333 0.230940 0 0
1256 0.566667 0.750555 0 0
1257 5.566667 0.173205 0 0
1258 5.600000 0.230940 0 0
1259 5.633333 0.173205 0 0
1260 5.666667 0.230940 0 0
1261 5.700000 0.173205 0 0
1262 5.733333 0.230940 0 0
1263 5.766667 0.173205 0 0
1264 5.800000 0.230940 0 0
1265 5.833333 0.173205 0 0
1266 5.866667 0.230940 0 0
1267 5.900000 0.173205 0 0
1268 5.933333 0.230940 0 0
1269 5.966667 0.173205 0 0
1270 6.000000 0.230940 0 0
1271 6.033333 0.173205 0 0
1272 6.066667 0.230940 0 0
1273 6.100000 0.173205 0 0
1274 6.133333 0.230940 0 0
1275 6.166667 0.173205 0 0
1276 6.200000 0.230940 0 0
1277 6.233333 0.173205 0 0
1278 6.266667 0.230940 0 0
1279 6.300000 0.173205 0 0
1280 6.333333 0.230940 0 0
1281 6.366667 0.173205 0 0
1282 6.400000 0.230940 0 0
1283 6.433333 0.173205 0 0
1284 6.466667 0.230940 0 0
1285 6.500000 0.173205 0 0
1286 6.533333 0.230940 0 0
1287 6.566667 0.173205 0 0
1288 6.600000 0.230940 0 0
1289 6.633333 0.173205 0 0
1290 6.666667 0.230940 0 0
1291 6.700000 0.173205 0 0
1292 6.733333 0.230940 0 0
1293 6.766667 0.173205 0 0
1294 6.800000 0.230940 0 0
1295 6.833333 0.173205 0 0
1296 6.866667 0.230940 0 0
1297 6.900000 0.173205 0 0
1298 6.933333 0.230940 0 0
1299 6.966667 0.173205 0 0
1300 7.000000 0.230940 0 0
1301 7.033333 0.173205 0 0
1302 7.066667 0.230940 0 0
1303 7.100000 0.173205 0 0
1304 7.133333 0.230940 0 0
1305 7.166667 0.173205 0 0
1306 7.200000 0.230940 0 0
1307 7.233333 0.173205 0 0
1308 7.266667 0.230940 0 0
1309 7.300000 0.173205 0 0
1310 7.333333 0.230940 0 0
1311 7.366667 0.173205 0 0
1312 7.400000 0.230940 0 0
1313 7.433333 0.173205 0 0
1314 7.466667 0.230940 0 0
1315 7.500000 0.173205 0 0
1316 7.600000 0.808290 0 0
1317 7.666667 0.808290 0 0
1318 7.265517 0.804325 0 0
1319 7.131403 0.815267 0 0
1320 7.000000 0.808290 0 0
1321 6.866667 0.808290 0 0
1322 6.733333 0.808290 0 0
1323 6.600000 0.808290 0 0
1324 6.265517 0.804325 0 0
1325 6.131403 0.815267 0 0
1326 6.000000 0.808290 0 0
1327 5.866667 0.808290 0 0
1328 5.733333 0.808290 0 0
1329 5.598070 0.815265 0 0
1330 5.466667 0.808290 0 0
1331 5.333333 0.808290 0 0
1332 5.200000 0.808290 0 0
1333 5.066667 0.808290 0 0
1334 4.933333 0.808290 0 0
1335 0.466667 0.808290 0 0
1336 0.400000 0.808290 0 0
1337 4.800000 0.808290 0 0
1338 0.266667 0.808290 0 0
1339 0.200000 0.808290 0 0
1340 4.666667 0.808290 0 0
1341 4.531081 0.806990 0 0
1342 4.400000 0.808290 0 0
1343 4.266667 0.808290 0 0
1344 4.133333 0.808290 0 0
1345 4.000000 0.808290 0 0
1346 3.866667 0.808290 0 0
1347 3.733333 0.808290 0 0
1348 3.600000 0.808290 0 0
1349 3.466667 0.808290 0 0
1350 3.331403 0.815265 0 0
1351 3.200000 0.808290 0 0
1352 3.066667 0.808290 0 0
1353 2.933333 0.808290 0 0
1354 2.800000 0.808290 0 0
1355 2.666667 0.808290 0 0
1356 2.533333 0.808290 0 0
1357 2.397748 0.806990 0 0
1358 2.266667 0.808290 0 0
1359 1.932184 0.804325 0 0
1360 1.797748 0.806992 0 0
1361 1.666667 0.808290 0 0
1362 1.533333 0.808290 0 0
1363 1.400000 0.808290 0 0
1364 1.266667 0.808290 0 0
1365 1.133333 0.808290 0 0
1366 0.766667 0.635085 0 0
1367 0.700000 0.635085 0 0
1368 0.600000 0.115470 0 0
1369 0.800000 0.115470 0 0
1370 1.000000 0.115470 0 0
1371 6.766667 0.288675 0 0
1372 1.866667 0.115470 0 0
1373 6.566667 0.288675 0 0
1374 6.366667 0.288675 0 0
1375 6.166667 0.288675 0 0
1376 5.966667 0.288675 0 0
1377 5.766667 0.288675 0 0
1378 5.566667 0.288675 0 0
1379 5.366667 0.288675 0 0
1380 5.166667 0.288675 0 0
1381 7.533333 0.230940 0 0
1382 7.566667 0.173205 0 0
1383 1.500000 0.288675 0 0
1384 0.266667 0.461880 0 0
1385 0.200000 0.461880 0 0
1386 0.166667 0.404145 0 0
1387 0.333333 0.461880 0 0
1388 1.300000 0.288675 0 0
1389 1.100000 0.288675 0 0
1390 0.900000 0.288675 0 0
1391 0.700000 0.288675 0 0
1392 6.466667 0.115470 0 0
1393 7.831758 0.520525 0 0
1394 7.864829 0.578411 0 0
1395 7.833027 0.635262 0 0
1396 0.168600 0.174322 0 0
1397 0.168492 0.287621 0 0
1398 7.831518 0.287627 0 0
1399 7.633333 0.862694 0 0
1400 7.697748 0.864170 0 0
1401 7.732958 0.807981 0 0
1402 0.122131 0.465145 0 0
1403 0.166667 0.519615 0 0
1404 0.104350 0.403804 0 0
1405 7.764085 0.872585 0 0
1406 7.799507 0.809332 0 0
1407 7.831630 0.861348 0 0
1408 7.875912 0.804668 0 0
1409 7.833333 0.750555 0 0
1410 7.564894 0.865575 0 0
1411 7.898288 0.635544 0 0
1412 7.666667 0.923760 0 0
1413 0.433333 0.866025 0 0
1414 0.366667 0.866025 0 0
1415 0.500000 0.866025 0 0
1416 0.233333 0.866025 0 0
1417 0.167101 0.863859 0 0
1418 0.123837 0.804878 0 0
1419 7.935782 0.572287 0 0
1420 0.733333 0.577350 0 0
1421 0.800000 0.577350 0 0
1422 0.833333 0.519615 0 0
1423 0.666667 0.577350 0 0
1424 0.200322 0.115656 0 0
1425 0.123256 0.121358 0 0
1426 0.099539 0.056439 0 0
1427 0.466667 0.115470 0 0
1428 0.400000 0.115470 0 0
1429 1.133333 0.115470 0 0
1430 7.600000 0.230940 0 0
1431 7.433333 0.288675 0 0
1432 1.266667 0.115470 0 0
1433 7.300000 0.288675 0 0
1434 1.400000 0.115470 0 0
1435 7.166667 0.288675 0 0
1436 1.533333 0.115470 0 0
1437 7.033333 0.288675 0 0
1438 1.666667 0.115470 0 0
1439 6.900000 0.288675 0 0
1440 2.000000 0.115470 0 0
1441 2.133333 0.115470 0 0
1442 2.266667 0.115470 0 0
1443 2.400000 0.115470 0 0
1444 2.533333 0.115470 0 0
1445 2.666667 0.115470 0 0
1446 4.966667 0.288675 0 0
1447 4.833333 0.288675 0 0
1448 4.700000 0.288675 0 0
1449 2.800000 0.115470 0 0
1450 4.566667 0.288675 0 0
1451 4.433333 0.288675 0 0
1452 2.933333 0.115470 0 0
1453 4.300000 0.288675 0 0
1454 4.166667 0.288675 0 0
1455 3.066667 0.115470 0 0
1456 4.033333 0.288675 0 0
1457 3.900000 0.288675 0 0
1458 3.200000 0.115470 0 0
1459 3.766667 0.288675 0 0
1460 3.633333 0.288675 0 0
1461 3.333333 0.115470 0 0
1462 3.500000 0.288675 0 0
1463 3.366667 0.288675 0 0
1464 3.466667 0.115470 0 0
1465 3.233333 0.288675 0 0
1466 3.100000 0.288675 0 0
1467 2.966667 0.288675 0 0
1468 3.600000 0.115470 0 0
1469 2.833333 0.288675 0 0
1470 3.733333 0.115470 0 0
1471 2.700000 0.288675 0 0
1472 2.566667 0.288675 0 0
1473 3.866667 0.115470 0 0
1474 2.433333 0.288675 0 0
1475 2.300000 0.288675 0 0
1476 4.000000 0.115470 0 0
1477 2.166667 0.288675 0 0
1478 2.033333 0.288675 0 0
1479 4.133333 0.115470 0 0
1480 1.900000 0.288675 0 0
1481 1.766667 0.288675 0 0
1482 4.266667 0.115470 0 0
1483 1.633333 0.288675 0 0
1484 4.400000 0.115470 0 0
1485 0.300000 0.866025 0 0
1486 0.366667 0.519615 0 0
1487 7.366667 0.288675 0 0
1488 4.533333 0.115470 0 0
1489 0.366667 0.750555 0 0
1490 0.733333 0.808290 0 0
1491 0.666667 0.808290 0 0
1492 0.766667 0.862694 0 0
1493 0.831081 0.864170 0 0
1494 0.800000 0.923760 0 0
1495 0.700000 0.864163 0 0
1496 0.633333 0.864243 0 0
1497 0.600000 0.807993 0 0
1498 1.033333 0.288675 0 0
1499 7.433324 0.635004 0 0
1500 7.399990 0.577348 0 0
1501 7.333323 0.577361 0 0
1502 7.466663 0.577336 0 0
1503 7.533333 0.577348 0 0
1504 7.566667 0.519615 0 0
1505 0.866667 0.115470 0 0
1506 6.233333 0.288675 0 0
1507 0.136231 0.231412 0 0
1508 0.566667 0.866025 0 0
1509 1.200000 0.808290 0 0
1510 1.166667 0.866025 0 0
1511 1.097794 0.872894 0 0
1512 1.233333 0.866025 0 0
1513 1.300000 0.866025 0 0
1514 0.366667 0.404145 0 0
1515 0.666667 0.115470 0 0
1516 1.600000 0.808290 0 0
1517 1.566667 0.866025 0 0
1518 1.500000 0.866025 0 0
1519 7.166667 0.635085 0 0
1520 7.133333 0.577350 0 0
1521 7.066667 0.577350 0 0
1522 7.199998 0.577356 0 0
1523 0.833333 0.057735 0 0
1524 6.500000 0.288675 0 0
1525 6.533333 0.346410 0 0
1526 6.433333 0.288675 0 0
1527 7.799701 0.346238 0 0
1528 7.833284 0.404117 0 0
1529 7.877020 0.341464 0 0
1530 7.893730 0.402019 0 0
1531 1.233333 0.288675 0 0
1532 0.166667 0.750555 0 0
1533 0.134524 0.692389 0 0
1534 0.166865 0.635013 0 0
1535 0.101586 0.635254 0 0
1536 1.466667 0.115470 0 0
1537 6.433324 0.635004 0 0
1538 6.399990 0.577348 0 0
1539 6.466663 0.577336 0 0
1540 6.333323 0.577361 0 0
1541 6.499999 0.519613 0 0
1542 6.499998 0.635069 0 0
1543 0.833333 0.288675 0 0
1544 0.233333 0.519615 0 0
1545 0.200033 0.577338 0 0
1546 0.933333 0.115470 0 0
1547 2.233333 0.288675 0 0
1548 1.833333 0.288675 0 0
1549 0.166714 0.945277 0 0
1550 6.966667 0.288675 0 0
1551 0.633333 0.288675 0 0
1552 0.500000 0.288675 0 0
1553 7.100000 0.519615 0 0
1554 7.000000 0.577350 0 0
1555 6.666667 0.808290 0 0
1556 6.633333 0.866025 0 0
1557 6.566667 0.866025 0 0
1558 6.700000 0.866025 0 0
1559 6.766667 0.866025 0 0
1560 5.933333 0.808290 0 0
1561 5.900000 0.866025 0 0
1562 5.833333 0.866025 0 0
1563 5.966667 0.866025 0 0
1564 6.032184 0.862058 0 0
1565 7.833169 0.945232 0 0
1566 7.200000 0.346410 0 0
1567 2.066667 0.115470 0 0
1568 1.100000 0.635085 0 0
1569 1.066667 0.577350 0 0
1570 1.133333 0.577350 0 0
1571 1.166667 0.519615 0 0
1572 1.000000 0.577350 0 0
1573 7.733679 0.115654 0 0
1574 7.666734 0.115506 0 0
1575 7.633345 0.057741 0 0
1576 6.800000 0.346410 0 0
1577 0.666667 0.692820 0 0
1578 6.400000 0.346410 0 0
1579 1.633333 0.866025 0 0
1580 1.700000 0.866025 0 0
1581 1.466667 0.346410 0 0
1582 1.433333 0.288675 0 0
1583 1.533333 0.346410 0 0
1584 2.233333 0.635085 0 0
1585 2.200000 0.577350 0 0
1586 2.266667 0.577350 0 0
1587 2.300000 0.519615 0 0
1588 2.133333 0.577350 0 0
1589 1.800000 0.115470 0 0
1590 2.600000 0.115470 0 0
1591 5.500000 0.635085 0 0
1592 5.466667 0.577350 0 0
1593 5.400000 0.577350 0 0
1594 5.533333 0.577350 0 0
1595 5.600000 0.577350 0 0
1596 5.700000 0.288675 0 0
1597 5.733333 0.346410 0 0
1598 5.633333 0.288675 0 0
1599 1.966593 0.635290 0 0
1600 1.933319 0.577390 0 0
1601 1.866667 0.577350 0 0
1602 1.999977 0.577403 0 0
1603 2.066654 0.577370 0 0
1604 0.366667 0.057735 0 0
1605 0.333333 0.115470 0 0
1606 2.300000 0.635085 0 0
1607 6.733333 0.346410 0 0
1608 6.700000 0.288675 0 0
1609 7.499999 0.519612 0 0
1610 1.566667 0.288675 0 0
1611 6.900000 0.057735 0 0
1612 7.166667 0.057735 0 0
1613 7.033333 0.635085 0 0
1614 6.933333 0.577350 0 0
1615 6.933333 0.808290 0 0
1616 6.900000 0.866025 0 0
1617 6.966667 0.866025 0 0
1618 7.032184 0.862058 0 0
1619 7.366663 0.519617 0 0
1620 7.433333 0.942265 0 0
1621 7.397748 0.885830 0 0
1622 7.332958 0.888078 0 0
1623 7.462209 0.878833 0 0
1624 7.366667 0.826795 0 0
1625 0.400000 0.692820 0 0
1626 5.300000 0.288675 0 0
1627 5.333333 0.346410 0 0
1628 0.566667 0.519615 0 0
1629 1.066299 0.809435 0 0
1630 1.033333 0.866025 0 0
1631 0.966667 0.862694 0 0
1632 1.000000 0.923760 0 0
1633 1.200000 0.115470 0 0
1634 7.600000 0.346410 0 0
1635 7.566667 0.288675 0 0
1636 4.766667 0.288675 0 0
1637 2.566667 0.635085 0 0
1638 2.533333 0.577350 0 0
1639 2.466667 0.577350 0 0
1640 2.600000 0.577350 0 0
1641 2.666667 0.577350 0 0
1642 1.333333 0.808290 0 0
1643 1.366667 0.866025 0 0
1644 1.433333 0.866025 0 0
1645 1.700000 0.288675 0 0
1646 5.600000 0.346410 0 0
1647 5.633333 0.057735 0 0
1648 6.633333 0.057735 0 0
1649 5.366667 0.635085 0 0
1650 6.033333 0.288675 0 0
1651 0.633333 0.942265 0 0
1652 2.866667 0.115470 0 0
1653 1.933333 0.346410 0 0
1654 5.400000 0.808290 0 0
1655 5.366667 0.866025 0 0
1656 5.300000 0.866025 0 0
1657 5.433333 0.866025 0 0
1658 5.498851 0.862058 0 0
1659 1.700000 0.057735 0 0
1660 2.166667 0.519615 0 0
1661 5.233333 0.635085 0 0
1662 5.200000 0.577350 0 0
1663 5.133333 0.577350 0 0
1664 5.266667 0.577350 0 0
1665 5.333333 0.577350 0 0
1666 3.100000 0.057735 0 0
1667 3.366667 0.057735 0 0
1668 3.633333 0.057735 0 0
1669 3.900000 0.057735 0 0
1670 4.166667 0.057735 0 0
1671 4.700000 0.057735 0 0
1672 4.966667 0.057735 0 0
1673 6.300000 0.057735 0 0
1674 6.300000 0.942265 0 0
1675 6.333333 0.887861 0 0
1676 6.400000 0.884530 0 0
1677 6.366667 0.826795 0 0
1678 6.266667 0.886393 0 0
1679 6.200000 0.886313 0 0
1680 6.033333 0.944128 0 0
1681 5.766667 0.942265 0 0
1682 5.732184 0.888498 0 0
1683 5.666667 0.884530 0 0
1684 4.700000 0.942265 0 0
1685 4.733333 0.884530 0 0
1686 4.800000 0.884530 0 0
1687 4.666667 0.884530 0 0
1688 4.598070 0.883786 0 0
1689 2.100000 0.942265 0 0
1690 2.064415 0.885830 0 0
1691 1.999625 0.888078 0 0
1692 2.130806 0.877779 0 0
1693 2.033333 0.826795 0 0
1694 2.166245 0.941140 0 0
1695 2.200000 0.884530 0 0
1696 2.265518 0.888498 0 0
1697 0.366667 0.942265 0 0
1698 0.300000 0.942265 0 0
1699 6.933333 0.346410 0 0
1700 6.366663 0.519617 0 0
1701 6.266663 0.577357 0 0
1702 5.300000 0.519615 0 0
1703 5.033333 0.519615 0 0
1704 5.000000 0.577350 0 0
1705 4.933333 0.577350 0 0
1706 6.766667 0.635085 0 0
1707 6.733333 0.577350 0 0
1708 6.666667 0.577350 0 0
1709 6.166667 0.635085 0 0
1710 6.133333 0.577350 0 0
1711 6.066667 0.577350 0 0
1712 5.766667 0.635085 0 0
1713 5.733333 0.577350 0 0
1714 5.800000 0.577350 0 0
1715 5.866667 0.577350 0 0
1716 5.700000 0.519615 0 0
1717 5.633333 0.635085 0 0
1718 5.666667 0.577350 0 0
1719 4.466291 0.808074 0 0
1720 4.433333 0.866025 0 0
1721 4.366667 0.866025 0 0
1722 4.333333 0.804959 0 0
1723 4.166667 0.635085 0 0
1724 4.133333 0.577350 0 0
1725 4.066667 0.577350 0 0
1726 3.133333 0.808290 0 0
1727 3.100000 0.866025 0 0
1728 3.033333 0.866025 0 0
1729 3.166667 0.866025 0 0
1730 3.232184 0.862058 0 0
1731 3.000000 0.115470 0 0
1732 4.066667 0.115470 0 0
1733 4.366667 0.288675 0 0
1734 4.466667 0.346410 0 0
1735 4.500000 0.288675 0 0
1736 6.100000 0.288675 0 0
1737 6.133333 0.346410 0 0
1738 6.166667 0.057735 0 0
1739 7.300000 0.057735 0 0
1740 6.766667 0.942265 0 0
1741 2.833333 0.942265 0 0
1742 2.866667 0.884530 0 0
1743 2.932184 0.888498 0 0
1744 6.000000 0.346410 0 0
1745 2.600000 0.346410 0 0
1746 7.233333 0.288675 0 0
1747 7.266663 0.577358 0 0
1748 7.033333 0.944128 0 0
1749 5.833333 0.519615 0 0
1750 5.933333 0.577350 0 0
1751 1.166667 0.057735 0 0
1752 1.900000 0.057735 0 0
1753 1.833333 0.057735 0 0
1754 1.700000 0.942265 0 0
1755 1.300000 0.942265 0 0
1756 1.300000 0.057735 0 0
1757 1.800000 0.346410 0 0
1758 7.941127 0.768135 0 0
1759 2.800000 0.884530 0 0
1760 2.733333 0.884530 0 0
1761 3.266667 0.115470 0 0
1762 1.833333 0.945596 0 0
1763 1.864737 0.884262 0 0
1764 2.566667 0.057735 0 0
1765 2.833333 0.057735 0 0
1766 3.900000 0.942265 0 0
1767 3.933333 0.884530 0 0
1768 4.000000 0.884530 0 0
1769 3.633333 0.942265 0 0
1770 3.666667 0.884530 0 0
1771 3.733333 0.884530 0 0
1772 3.366667 0.942820 0 0
1773 3.400000 0.884530 0 0
1774 3.466667 0.884530 0 0
1775 3.100000 0.942265 0 0
1776 1.166583 0.943935 0 0
1777 2.700000 0.057735 0 0
1778 2.466667 0.346410 0 0
1779 3.666667 0.808290 0 0
1780 3.233333 0.635085 0 0
1781 3.200000 0.577350 0 0
1782 3.133333 0.577350 0 0
1783 3.266667 0.577350 0 0
1784 3.333333 0.577350 0 0
1785 2.733333 0.808290 0 0
1786 2.700000 0.635085 0 0
1787 2.733333 0.577350 0 0
1788 2.800000 0.577350 0 0
1789 2.500000 0.288675 0 0
1790 3.433333 0.288675 0 0
1791 3.666667 0.115470 0 0
1792 7.299937 0.942856 0 0
1793 7.266648 0.886428 0 0
1794 7.199999 0.886314 0 0
1795 1.366667 0.519615 0 0
1796 1.400000 0.577350 0 0
1797 1.466667 0.577350 0 0
1798 1.333333 0.577350 0 0
1799 1.266667 0.577350 0 0
1800 1.033333 0.519615 0 0
1801 0.933333 0.577350 0 0
1802 2.300000 0.057735 0 0
1803 3.933333 0.808290 0 0
1804 3.766667 0.635085 0 0
1805 3.733333 0.577350 0 0
1806 3.666667 0.577350 0 0
1807 3.600000 0.884530 0 0
1808 3.700000 0.519615 0 0
1809 3.600000 0.577350 0 0
1810 3.800000 0.577350 0 0
1811 3.866667 0.577350 0 0
1812 3.666667 0.346410 0 0
1813 3.800000 0.115470 0 0
1814 3.333333 0.884530 0 0
1815 5.966667 0.519615 0 0
1816 6.533333 0.808290 0 0
1817 3.000000 0.804959 0 0
1818 5.900000 0.288675 0 0
1819 3.833333 0.519615 0 0
1820 3.933333 0.577350 0 0
1821 3.166667 0.519615 0 0
1822 3.066667 0.577350 0 0
1823 0.633333 0.057735 0 0
1824 0.566667 0.057735 0 0
1825 4.300000 0.057735 0 0
1826 5.100000 0.057735 0 0
1827 5.366667 0.057735 0 0
1828 5.900000 0.057735 0 0
1829 1.433333 0.942265 0 0
1830 3.866667 0.884530 0 0
1831 3.800000 0.884530 0 0
1832 2.966667 0.057735 0 0
1833 6.633333 0.942265 0 0
1834 4.833333 0.942265 0 0
1835 4.866667 0.884530 0 0
1836 4.933333 0.884530 0 0
1837 4.300000 0.942265 0 0
1838 4.265518 0.888498 0 0
1839 4.200000 0.884530 0 0
1840 4.166667 0.942265 0 0
1841 4.133333 0.884530 0 0
1842 1.566667 0.942265 0 0
1843 7.766522 0.750677 0 0
1844 1.433333 0.635085 0 0
1845 1.533333 0.577350 0 0
1846 3.766667 0.942265 0 0
1847 4.200000 0.346410 0 0
1848 2.866667 0.346410 0 0
1849 3.366667 0.635085 0 0
1850 5.633333 0.942820 0 0
1851 5.600000 0.884530 0 0
1852 5.366667 0.942265 0 0
1853 5.100000 0.942265 0 0
1854 5.133333 0.884530 0 0
1855 5.198851 0.888498 0 0
1856 5.066667 0.884530 0 0
1857 5.000000 0.884530 0 0
1858 0.058526 0.767733 0 0
1859 5.133333 0.346410 0 0
1860 5.100000 0.288675 0 0
1861 0.068290 0.232171 0 0
1862 4.866667 0.346410 0 0
1863 4.366667 0.519615 0 0
1864 4.400000 0.577350 0 0
1865 4.466667 0.577350 0 0
1866 4.500000 0.519615 0 0
1867 4.533333 0.577350 0 0
1868 4.600000 0.577350 0 0
1869 4.333333 0.346410 0 0
1870 4.233333 0.288675 0 0
1871 4.100000 0.519615 0 0
1872 4.200000 0.577350 0 0
1873 4.266667 0.577350 0 0
1874 4.066667 0.346410 0 0
1875 3.533333 0.346410 0 0
1876 1.666667 0.346410 0 0
1877 4.033333 0.635085 0 0
1878 4.498079 0.860290 0 0
1879 5.233333 0.288675 0 0
1880 2.966667 0.635085 0 0
1881 2.933333 0.577350 0 0
1882 7.932124 0.232104 0 0
1883 5.000000 0.808290 0 0
1884 1.566667 0.057735 0 0
1885 3.400000 0.346410 0 0
1886 2.733333 0.346410 0 0
1887 6.333333 0.346410 0 0
1888 2.766667 0.519615 0 0
1889 3.966667 0.288675 0 0
1890 4.833333 0.635085 0 0
1891 4.800000 0.577350 0 0
1892 4.733333 0.577350 0 0
1893 4.200000 0.115470 0 0
1894 0.135212 0.578274 0 0
1895 0.064206 0.572226 0 0
1896 5.166667 0.519615 0 0
1897 3.433333 0.519615 0 0
1898 3.466667 0.577350 0 0
1899 3.133333 0.346410 0 0
1900 0.300000 0.519615 0 0
1901 2.166667 0.057735 0 0
1902 2.433333 0.057735 0 0
1903 3.233333 0.057735 0 0
1904 3.500000 0.057735 0 0
1905 3.766667 0.057735 0 0
1906 4.033333 0.057735 0 0
1907 4.433333 0.057735 0 0
1908 4.566667 0.057735 0 0
1909 4.833333 0.057735 0 0
1910 5.233333 0.057735 0 0
1911 5.500000 0.057735 0 0
1912 6.033333 0.057735 0 0
1913 7.433333 0.057735 0 0
1914 7.166667 0.943118 0 0
1915 7.133333 0.884530 0 0
1916 6.498070 0.935290 0 0
1917 5.900000 0.942265 0 0
1918 5.500000 0.944128 0 0
1919 5.230568 0.943064 0 0
1920 4.966667 0.942265 0 0
1921 4.566345 0.945472 0 0
1922 4.433333 0.942265 0 0
1923 4.033333 0.942265 0 0
1924 3.500000 0.942265 0 0
1925 3.233333 0.944128 0 0
1926 2.963902 0.943064 0 0
1927 2.566667 0.942265 0 0
1928 2.600000 0.884530 0 0
1929 2.666667 0.884530 0 0
1930 2.433104 0.943820 0 0
1931 2.464704 0.884008 0 0
1932 3.133333 0.115470 0 0
1933 4.066667 0.884530 0 0
1934 3.533333 0.884530 0 0
1935 6.100000 0.519615 0 0
1936 5.566667 0.519615 0 0
1937 4.766667 0.519615 0 0
1938 4.866667 0.577350 0 0
1939 4.600000 0.346410 0 0
1940 4.233333 0.519615 0 0
1941 3.266667 0.346410 0 0
1942 2.900000 0.519615 0 0
1943 2.500000 0.519615 0 0
1944 2.400000 0.577350 0 0
1945 2.333333 0.346410 0 0
1946 5.200000 0.346410 0 0
1947 3.300000 0.288675 0 0
1948 6.200000 0.808290 0 0
1949 5.133333 0.808290 0 0
1950 4.966667 0.635085 0 0
1951 4.866667 0.808290 0 0
1952 4.733333 0.808290 0 0
1953 4.700000 0.635085 0 0
1954 4.597472 0.814973 0 0
1955 4.566667 0.635085 0 0
1956 4.433333 0.635085 0 0
1957 4.200000 0.808290 0 0
1958 4.066667 0.808290 0 0
1959 3.800000 0.808290 0 0
1960 3.633333 0.635085 0 0
1961 3.533333 0.808290 0 0
1962 3.500000 0.635085 0 0
1963 3.400000 0.577350 0 0
1964 2.600000 0.808290 0 0
1965 2.464134 0.815005 0 0
1966 2.332958 0.804742 0 0
1967 2.366667 0.866025 0 0
1968 2.333333 0.115470 0 0
1969 2.900000 0.288675 0 0
1970 3.000000 0.346410 0 0
1971 3.033333 0.288675 0 0
1972 4.100000 0.288675 0 0
1973 4.333333 0.115470 0 0
1974 4.633333 0.288675 0 0
1975 4.733333 0.346410 0 0
1976 7.566669 0.057736 0 0
1977 2.033333 0.057735 0 0
1978 3.400000 0.808290 0 0
1979 3.800000 0.346410 0 0
1980 3.700000 0.288675 0 0
1981 7.600000 0.577350 0 0
1982 1.300000 0.635085 0 0
1983 3.933333 0.115470 0 0
1984 1.766667 0.519615 0 0
1985 1.733333 0.577350 0 0
1986 1.666667 0.577350 0 0
1987 0.333333 0.230940 0 0
1988 2.633333 0.288675 0 0
1989 3.400000 0.115470 0 0
1990 3.933333 0.346410 0 0
1991 3.833333 0.288675 0 0
1992 3.566667 0.288675 0 0
1993 3.263902 0.807491 0 0
1994 7.876741 0.464967 0 0
1995 5.000000 0.346410 0 0
1996 1.433333 0.057735 0 0
1997 4.633333 0.519615 0 0
1998 2.700000 0.942265 0 0
1999 3.300000 0.519615 0 0
2000 0.700000 0.519615 0 0
2001 3.533333 0.115470 0 0
2002 2.200000 0.115470 0 0
2003 2.633333 0.519615 0 0
2004 3.166667 0.288675 0 0
2005 3.100000 0.635085 0 0
2006 2.200000 0.346410 0 0
2007 2.033327 0.519627 0 0
2008 1.863973 0.814480 0 0
2009 4.900000 0.519615 0 0
2010 1.933233 0.886390 0 0
2011 4.466667 0.115470 0 0
2012 0.733333 0.346410 0 0
2013 5.433333 0.288675 0 0
2014 5.500000 0.288675 0 0
2015 6.166667 0.943117 0 0
2016 0.500000 0.942265 0 0
2017 5.266667 0.804959 0 0
2018 2.199916 0.806600 0 0
2019 2.766667 0.288675 0 0
2020 6.700000 0.519615 0 0
2021 6.600000 0.577350 0 0
2022 6.800000 0.577350 0 0
2023 4.900000 0.288675 0 0
2024 6.833333 0.288675 0 0
2025 5.766667 0.057735 0 0
2026 6.900000 0.942265 0 0
2027 5.933333 0.346410 0 0
2028 5.533333 0.346410 0 0
2029 5.833333 0.288675 0 0
2030 5.900000 0.635085 0 0
2031 2.866667 0.808290 0 0
2032 2.099989 0.635008 0 0
2033 6.900000 0.635085 0 0
2034 1.700000 0.635085 0 0
2035 1.933333 0.115470 0 0
2036 7.496362 0.941630 0 0
2037 2.066667 0.346410 0 0
2038 1.899998 0.519622 0 0
2039 1.732958 0.808074 0 0
2040 1.764745 0.860291 0 0
2041 2.297235 0.943073 0 0
2042 1.633333 0.519615 0 0
2043 1.500000 0.519615 0 0
2044 2.533248 0.886209 0 0
2045 6.063901 0.807492 0 0
2046 5.100000 0.635085 0 0
2047 0.633333 0.750506 0 0
2048 5.433333 0.519615 0 0
2049 6.766667 0.057735 0 0
2050 0.533333 0.577350 0 0
2051 7.333333 0.346410 0 0
2052 1.033333 0.057735 0 0
2053 6.633333 0.635085 0 0
2054 5.530568 0.807491 0 0
2055 5.800000 0.804959 0 0
2056 2.433333 0.635085 0 0
2057 7.033333 0.057735 0 0
2058 6.833333 0.519615 0 0
2059 5.666667 0.808290 0 0
2060 2.366667 0.288675 0 0
2061 0.833333 0.635085 0 0
2062 7.733334 0.461880 0 0
2063 0.233387 0.057766 0 0
2064 6.506098 0.868194 0 0
2065 6.433333 0.942265 0 0
2066 7.801408 0.462542 0 0
2067 2.466667 0.115470 0 0
2068 1.333333 0.346410 0 0
2069 1.966667 0.288675 0 0
2070 1.333333 0.115470 0 0
2071 0.433333 0.057735 0 0
2072 1.966587 0.943166 0 0
2073 6.800000 0.808290 0 0
2074 6.833333 0.866025 0 0
2075 7.066667 0.346410 0 0
2076 7.200000 0.808290 0 0
2077 7.466667 0.346410 0 0
2078 7.767012 0.057919 0 0
2079 7.566667 0.635085 0 0
2080 1.600000 0.115470 0 0
2081 1.733333 0.115470 0 0
2082 2.100000 0.288675 0 0
2083 0.666667 0.346410 0 0
2084 1.166667 0.635085 0 0
2085 1.833333 0.635085 0 0
2086 6.133333 0.884530 0 0
2087 7.100000 0.288675 0 0
2088 7.766616 0.635115 0 0
2089 0.533333 0.346410 0 0
2090 0.400000 0.461880 0 0
2091 2.866667 0.577350 0 0
2092 7.532716 0.804920 0 0
2093 0.366667 0.173205 0 0
2094 6.299924 0.635294 0 0
2095 1.466667 0.808290 0 0
2096 7.299924 0.635294 0 0
2097 0.233372 0.635071 0 0
2098 0.733333 0.115470 0 0
2099 0.600000 0.692812 0 0
2100 2.733333 0.115470 0 0
2101 0.123553 0.341443 0 0
2102 1.066667 0.115470 0 0
2103 6.033333 0.635085 0 0
2104 6.300000 0.288675 0 0
2105 6.966667 0.519615 0 0
2106 2.833333 0.635085 0 0
2107 7.233332 0.519617 0 0
2108 1.166667 0.288675 0 0
2109 7.699913 0.750524 0 0
2110 7.063901 0.807492 0 0
2111 0.566667 0.288675 0 0
2112 0.533333 0.808241 0 0
2113 0.198674 0.345407 0 0
2114 1.266667 0.346410 0 0
2115 0.966667 0.635085 0 0
2116 7.862411 0.231026 0 0
2117 0.966667 0.288675 0 0
2118 7.799916 0.692875 0 0
2119 1.133333 0.346410 0 0
2120 0.766667 0.288675 0 0
2121 0.766667 0.057735 0 0
2122 4.600000 0.115470 0 0
2123 0.533333 0.115470 0 0
2124 0.933333 0.346410 0 0
2125 0.866291 0.807981 0 0
2126 0.933271 0.807684 0 0
2127 0.333333 0.808290 0 0
2128 7.666672 0.230943 0 0
2129 0.966667 0.057735 0 0
2130 0.600000 0.577350 0 0
2131 1.066667 0.346410 0 0
2132 5.033333 0.288675 0 0
2133 0.897404 0.872098 0 0
2134 0.866667 0.346410 0 0
2135 7.865126 0.692504 0 0
2136 5.400000 0.346410 0 0
2137 4.666667 0.115470 0 0
2138 6.633333 0.288675 0 0
2139 3.033333 0.519615 0 0
2140 3.566667 0.519615 0 0
2141 4.666667 0.577350 0 0
2142 1.366667 0.288675 0 0
2143 5.066667 0.577350 0 0
2144 5.800000 0.346410 0 0
2145 7.500000 0.288675 0 0
2146 6.200000 0.346410 0 0
2147 6.233333 0.519616 0 0
2148 0.266729 0.115506 0 0
2149 1.566667 0.635085 0 0
2150 1.800000 0.577350 0 0
2151 6.566667 0.519615 0 0
2152 4.733333 0.115470 0 0
2153 6.600000 0.346410 0 0
2154 6.199998 0.577357 0 0
2155 1.200000 0.577350 0 0
2156 4.800000 0.115470 0 0
2157 6.866667 0.577350 0 0
2158 4.866667 0.115470 0 0
2159 6.533332 0.577345 0 0
2160 4.933333 0.115470 0 0
2161 6.000000 0.577350 0 0
2162 5.000000 0.115470 0 0
2163 5.066667 0.115470 0 0
2164 5.133333 0.115470 0 0
2165 5.200000 0.115470 0 0
2166 5.266667 0.115470 0 0
2167 5.333333 0.115470 0 0
2168 4.300000 0.635085 0 0
2169 5.400000 0.115470 0 0
2170 5.466667 0.115470 0 0
2171 3.900000 0.635085 0 0
2172 5.533333 0.115470 0 0
2173 5.600000 0.115470 0 0
2174 3.533333 0.577350 0 0
2175 3.000000 0.577350 0 0
2176 5.666667 0.115470 0 0
2177 5.733333 0.115470 0 0
2178 2.333333 0.577350 0 0
2179 5.800000 0.115470 0 0
2180 4.333333 0.577350 0 0
2181 2.366667 0.519615 0 0
2182 5.866667 0.115470 0 0
2183 5.933333 0.115470 0 0
2184 3.966667 0.519615 0 0
2185 6.000000 0.115470 0 0
2186 1.600000 0.577350 0 0
2187 6.066667 0.115470 0 0
2188 1.233333 0.519615 0 0
2189 6.133333 0.115470 0 0
2190 0.900000 0.519615 0 0
2191 0.866667 0.577350 0 0
2192 6.200000 0.115470 0 0
2193 6.266667 0.115470 0 0
2194 6.333333 0.115470 0 0
2195 6.400000 0.115470 0 0
2196 6.500000 0.057735 0 0
2197 6.433333 0.057735 0 0
2198 6.533333 0.115470 0 0
2199 6.600000 0.115470 0 0
2200 6.666667 0.115470 0 0
2201 4.000000 0.577350 0 0
2202 6.733333 0.115470 0 0
2203 6.800000 0.115470 0 0
2204 6.866667 0.115470 0 0
2205 6.933333 0.115470 0 0
2206 7.000000 0.115470 0 0
2207 7.066667 0.115470 0 0
2208 7.133333 0.115470 0 0
2209 7.200000 0.115470 0 0
2210 7.266667 0.115470 0 0
2211 7.333333 0.115470 0 0
2212 7.400000 0.115470 0 0
2213 7.466667 0.115470 0 0
2214 7.533334 0.115470 0 0
2215 7.600013 0.115477 0 0
2216 7.633350 0.173214 0 0
2217 0.633333 0.635084 0 0
2218 7.935983 0.901149 0 0
2219 0.064017 0.901149 0 0
2220 7.944542 0.099402 0 0
2221 0.055403 0.099444 0 0
2222 0.056262 0.368060 0 0
2223 7.943578 0.367850 0 0
2224 0.109271 0.862127 0 0
2225 7.890425 0.861583 0 0
2226 7.943709 0.435695 0 0
2227 0.055192 0.437351 0 0
2228 0.109390 0.527114 0 0
2229 7.890075 0.527300 0 0
2230 7.890366 0.742390 0 0
2231 0.110143 0.744699 0 0
2232 7.888810 0.280129 0 0
2233 0.111212 0.279326 0 0
2234 0.044833 0.633519 0 0
2235 7.955160 0.633537 0 0
2236 0.111226 0.184029 0 0
2237 7.889028 0.183642 0 0
2238 7.619398 0.952002 0 0
2239 7.518512 0.893022 0 0
2240 7.418272 0.837653 0 0
2241 6.453998 0.878861 0 0
2242 6.417466 0.837356 0 0
2243 7.718647 0.912858 0 0
2244 7.319509 0.798051 0 0
2245 5.786176 0.894682 0 0
2246 7.085781 0.855759 0 0
2247 5.252448 0.894797 0 0
2248 6.319509 0.798051 0 0
2249 6.085781 0.855759 0 0
2250 4.319509 0.894682 0 0
2251 5.552448 0.855759 0 0
2252 4.552050 0.855287 0 0
2253 2.985781 0.894797 0 0
2254 2.319114 0.894805 0 0
2255 2.085325 0.837453 0 0
2256 3.285781 0.855759 0 0
2257 2.418651 0.855309 0 0
2258 0.753118 0.953414 0 0
2259 0.953001 0.952870 0 0
2260 1.986176 0.798051 0 0
2261 1.818692 0.855285 0 0
2262 1.052692 0.914053 0 0
2263 0.851970 0.912942 0 0
2264 7.951197 0.951197 0 0
2265 0.048803 0.951197 0 0
2266 7.951197 0.048803 0 0
2267 0.048803 0.048803 0 0
2268 7.803139 0.904518 0 0
2269 7.233138 0.846425 0 0
2270 7.170027 0.846867 0 0
2271 6.999863 0.903939 0 0
2272 6.933333 0.904145 0 0
2273 6.866667 0.904145 0 0
2274 6.800000 0.904145 0 0
2275 6.733333 0.904145 0 0
2276 6.666667 0.904145 0 0
2277 6.600000 0.904145 0 0
2278 6.537021 0.903895 0 0
2279 6.233142 0.846419 0 0
2280 6.170027 0.846867 0 0
2281 5.999863 0.903939 0 0
2282 5.933333 0.904145 0 0
2283 5.870037 0.903782 0 0
2284 5.700000 0.846410 0 0
2285 5.636704 0.846773 0 0
2286 5.466530 0.903939 0 0
2287 5.400000 0.904145 0 0
2288 5.336704 0.903782 0 0
2289 5.166667 0.846410 0 0
2290 5.100000 0.846410 0 0
2291 5.033333 0.846410 0 0
2292 4.966667 0.846410 0 0
2293 4.900000 0.846410 0 0
2294 4.833333 0.846410 0 0
2295 0.333333 0.904145 0 0
2296 0.266667 0.904145 0 0
2297 0.466667 0.904145 0 0
2298 4.766667 0.846410 0 0
2299 0.200000 0.904145 0 0
2300 0.400000 0.904145 0 0
2301 4.700000 0.846410 0 0
2302 4.636572 0.846719 0 0
2303 4.466667 0.904145 0 0
2304 4.403370 0.903782 0 0
2305 4.233333 0.846410 0 0
2306 4.166667 0.846410 0 0
2307 4.100000 0.846410 0 0
2308 4.033333 0.846410 0 0
2309 3.966667 0.846410 0 0
2310 3.900000 0.846410 0 0
2311 3.833333 0.846410 0 0
2312 3.766667 0.846410 0 0
2313 3.700000 0.846410 0 0
2314 3.633333 0.846410 0 0
2315 3.566667 0.846410 0 0
2316 3.500000 0.846410 0 0
2317 3.433333 0.846410 0 0
2318 3.370037 0.846773 0 0
2319 3.199863 0.903939 0 0
2320 3.133333 0.904145 0 0
2321 3.070037 0.903782 0 0
2322 2.900000 0.846410 0 0
2323 2.833333 0.846410 0 0
2324 2.766667 0.846410 0 0
2325 2.700000 0.846410 0 0
2326 2.633333 0.846410 0 0
2327 2.566667 0.846410 0 0
2328 2.503232 0.846820 0 0
2329 2.233333 0.846410 0 0
2330 2.169901 0.845985 0 0
2331 1.903165 0.846628 0 0
2332 1.733333 0.904145 0 0
2333 1.666667 0.904145 0 0
2334 1.600000 0.904145 0 0
2335 1.533333 0.904145 0 0
2336 1.466667 0.904145 0 0
2337 1.400000 0.904145 0 0
2338 0.533333 0.904145 0 0
2339 1.333333 0.904145 0 0
2340 1.266667 0.904145 0 0
2341 1.200000 0.904145 0 0
2342 1.136584 0.904551 0 0
2343 0.666475 0.904137 0 0
2344 0.600000 0.904145 0 0
2345 7.710010 0.955628 0 0
2346 7.299055 0.844924 0 0
2347 7.065725 0.902629 0 0
2348 7.609420 0.908077 0 0
2349 7.506153 0.848990 0 0
2350 7.404872 0.791934 0 0
2351 6.299079 0.844909 0 0
2352 6.065725 0.902629 0 0
2353 6.403562 0.790859 0 0
2354 5.532392 0.902629 0 0
2355 5.765757 0.848020 0 0
2356 5.232400 0.848027 0 0
2357 4.532192 0.902340 0 0
2358 4.299091 0.848020 0 0
2359 3.265725 0.902629 0 0
2360 2.965733 0.848027 0 0
2361 2.404884 0.900632 0 0
2362 1.965921 0.844935 0 0
2363 2.299044 0.848014 0 0
2364 1.798877 0.902376 0 0
2365 2.071578 0.791919 0 0
2366 1.043486 0.955867 0 0
2367 0.843333 0.955826 0 0
2368 0.938276 0.907343 0 0
2369 0.732067 0.906474 0 0
2370 7.866667 0.907205 0 0
2371 0.133333 0.907205 0 0
2372 8.566667 0.057735 0 0
2373 8.833333 0.942265 0 0
2374 9.100000 0.945596 0 0
2375 9.366667 0.057735 0 0
2376 8.966667 0.057735 0 0
2377 9.498030 0.942427 0 0
2378 8.498621 0.941772 0 0
2379 8.058734 0.500313 0 0
2380 9.941266 0.500313 0 0
2381 9.298851 0.946233 0 0
2382 8.766667 0.057735 0 0
2383 9.166667 0.057735 0 0
2384 9.566667 0.057735 0 0
2385 8.366667 0.057735 0 0
2386 9.701149 0.946233 0 0
2387 8.063667 0.696086 0 0
2388 9.940509 0.303981 0 0
2389 8.059491 0.303981 0 0
2390 8.298851 0.946233 0 0
2391 9.936444 0.695973 0 0
2392 9.766667 0.057735 0 0
2393 8.233333 0.057735 0 0
2394 8.700000 0.942265 0 0
2395 8.966667 0.942265 0 0
2396 8.166667 0.944100 0 0
2397 9.833333 0.944100 0 0
2398 8.059753 0.160885 0 0
2399 9.940247 0.160885 0 0
2400 8.058067 0.833545 0 0
2401 9.943967 0.832766 0 0
2402 9.899718 0.056451 0 0
2403 8.100282 0.056451 0 0
2404 8.700000 0.057735 0 0
2405 8.733333 0.115470 0 0
2406 8.800000 0.115470 0 0
2407 8.766667 0.173205 0 0
2408 8.833333 0.173205 0 0
2409 8.800000 0.230940 0 0
2410 8.866667 0.230940 0 0
2411 8.833333 0.288675 0 0
2412 8.766667 0.288675 0 0
2413 8.900000 0.288675 0 0
2414 8.800000 0.346410 0 0
2415 8.733333 0.346410 0 0
2416 8.766667 0.404145 0 0
2417 8.700000 0.404145 0 0
2418 8.733333 0.461880 0 0
2419 8.666667 0.461880 0 0
2420 8.800000 0.461880 0 0
2421 8.633333 0.404145 0 0
2422 8.600000 0.461880 0 0
2423 8.566667 0.404145 0 0
2424 8.533333 0.461880 0 0
2425 8.500000 0.404145 0 0
2426 8.466667 0.461880 0 0
2427 8.633333 0.519615 0 0
2428 8.433333 0.404145 0 0
2429 8.400000 0.461880 0 0
2430 8.433333 0.519615 0 0
2431 8.366667 0.519615 0 0
2432 8.400000 0.577350 0 0
2433 8.366667 0.404145 0 0
2434 8.466667 0.346410 0 0
2435 8.333333 0.577350 0 0
2436 8.366667 0.635085 0 0
2437 8.433333 0.635085 0 0
2438 8.700000 0.288675 0 0
2439 8.766667 0.519615 0 0
2440 8.833333 0.519615 0 0
2441 8.800000 0.577350 0 0
2442 8.866667 0.577350 0 0
2443 8.900000 0.519615 0 0
2444 8.933333 0.577350 0 0
2445 8.966667 0.519615 0 0
2446 9.000000 0.577350 0 0
2447 9.033333 0.519615 0 0
2448 9.066667 0.577350 0 0
2449 9.100000 0.519615 0 0
2450 9.133333 0.577350 0 0
2451 9.166667 0.519615 0 0
2452 9.200000 0.577350 0 0
2453 9.233333 0.519615 0 0
2454 9.266667 0.577350 0 0
2455 9.300000 0.519615 0 0
2456 9.333333 0.577350 0 0
2457 9.366667 0.519615 0 0
2458 9.400000 0.577350 0 0
2459 9.433333 0.519615 0 0
2460 9.466667 0.577350 0 0
2461 9.500000 0.519615 0 0
2462 9.533333 0.577350 0 0
2463 9.466667 0.461880 0 0
2464 9.533333 0.461880 0 0
2465 9.266667 0.461880 0 0
2466 9.500000 0.404145 0 0
2467 9.566667 0.404145 0 0
2468 9.233333 0.635085 0 0
2469 9.433333 0.635085 0 0
2470 8.900000 0.635085 0 0
2471 9.533333 0.346410 0 0
2472 9.600000 0.346410 0 0
2473 9.466667 0.346410 0 0
2474 9.633333 0.404145 0 0
2475 9.100000 0.635085 0 0
2476 9.066667 0.461880 0 0
2477 9.666667 0.346410 0 0
2478 8.400000 0.692820 0 0
2479 8.466667 0.692820 0 0
2480 8.333333 0.692820 0 0
2481 9.700000 0.404145 0 0
2482 8.300000 0.519615 0 0
2483 9.633333 0.288675 0 0
2484 9.700000 0.288675 0 0
2485 9.500000 0.288675 0 0
2486 9.433333 0.288675 0 0
2487 8.266667 0.577350 0 0
2488 9.466667 0.230940 0 0
2489 9.400000 0.230940 0 0
2490 9.666667 0.230940 0 0
2491 9.733333 0.230940 0 0
2492 9.366667 0.288675 0 0
2493 9.333333 0.230940 0 0
2494 8.933333 0.230940 0 0
2495 8.966667 0.288675 0 0
2496 9.000000 0.230940 0 0
2497 9.033333 0.288675 0 0
2498 9.066667 0.230940 0 0
2499 9.100000 0.288675 0 0
2500 9.133333 0.230940 0 0
2501 9.166667 0.288675 0 0
2502 9.666667 0.461880 0 0
2503 9.733333 0.461880 0 0
2504 9.700000 0.519615 0 0
2505 8.433333 0.750555 0 0
2506 8.500000 0.750555 0 0
2507 8.533333 0.692820 0 0
2508 8.566667 0.750555 0 0
2509 8.600000 0.692820 0 0
2510 8.633333 0.747224 0 0
2511 9.766667 0.404145 0 0
2512 9.766667 0.519615 0 0
2513 9.733333 0.577350 0 0
2514 9.800000 0.577350 0 0
2515 9.766667 0.635085 0 0
2516 9.700000 0.635085 0 0
2517 9.733333 0.692820 0 0
2518 9.666667 0.692820 0 0
2519 9.700000 0.750555 0 0
2520 9.633333 0.750555 0 0
2521 9.766667 0.750555 0 0
2522 8.600000 0.810246 0 0
2523 8.233333 0.519615 0 0
2524 8.200000 0.577350 0 0
2525 8.666667 0.692265 0 0
2526 8.701930 0.756922 0 0
2527 8.933333 0.346410 0 0
2528 9.700000 0.173205 0 0
2529 9.766667 0.173205 0 0
2530 9.800000 0.230940 0 0
2531 8.666667 0.115470 0 0
2532 9.633333 0.173205 0 0
2533 9.200000 0.230940 0 0
2534 9.300000 0.288675 0 0
2535 9.600000 0.692820 0 0
2536 9.566667 0.750555 0 0
2537 9.600000 0.808290 0 0
2538 9.533333 0.808290 0 0
2539 9.500000 0.750555 0 0
2540 9.466667 0.808290 0 0
2541 9.433333 0.750555 0 0
2542 9.400000 0.808290 0 0
2543 9.366667 0.750555 0 0
2544 9.333333 0.808290 0 0
2545 9.300000 0.750555 0 0
2546 9.266667 0.808290 0 0
2547 9.233333 0.750555 0 0
2548 9.200000 0.804959 0 0
2549 9.166667 0.750000 0 0
2550 9.131403 0.814657 0 0
2551 9.099678 0.751524 0 0
2552 9.066667 0.808290 0 0
2553 9.033280 0.750717 0 0
2554 8.999991 0.808317 0 0
2555 8.966656 0.750587 0 0
2556 8.933330 0.808300 0 0
2557 8.900000 0.750555 0 0
2558 8.866666 0.808292 0 0
2559 9.100000 0.173205 0 0
2560 9.333333 0.346410 0 0
2561 9.266667 0.346410 0 0
2562 9.433333 0.173205 0 0
2563 9.133333 0.346410 0 0
2564 8.733333 0.577350 0 0
2565 8.766667 0.635085 0 0
2566 8.566667 0.635085 0 0
2567 8.233333 0.635085 0 0
2568 8.833333 0.750556 0 0
2569 8.800000 0.808290 0 0
2570 8.600000 0.346410 0 0
2571 8.266667 0.461880 0 0
2572 8.200000 0.461880 0 0
2573 8.233333 0.404145 0 0
2574 8.166667 0.404145 0 0
2575 8.200000 0.346410 0 0
2576 8.266667 0.346410 0 0
2577 8.233333 0.288675 0 0
2578 8.300000 0.288675 0 0
2579 8.266667 0.230940 0 0
2580 8.333333 0.230940 0 0
2581 8.200000 0.230940 0 0
2582 8.300000 0.173205 0 0
2583 8.366667 0.173205 0 0
2584 8.400000 0.230940 0 0
2585 8.433333 0.173205 0 0
2586 8.466667 0.230940 0 0
2587 8.500000 0.173205 0 0
2588 8.533333 0.230940 0 0
2589 9.500000 0.173205 0 0
2590 8.466667 0.808290 0 0
2591 8.400000 0.808290 0 0
2592 9.733333 0.808290 0 0
2593 9.802977 0.806909 0 0
2594 9.833333 0.635085 0 0
2595 8.166667 0.635085 0 0
2596 8.200000 0.692820 0 0
2597 9.834699 0.748612 0 0
2598 8.999989 0.692852 0 0
2599 9.666667 0.115470 0 0
2600 9.466667 0.115470 0 0
2601 9.333333 0.692820 0 0
2602 8.866667 0.115470 0 0
2603 8.566667 0.173205 0 0
2604 8.600000 0.230940 0 0
2605 8.966667 0.173205 0 0
2606 8.933333 0.461880 0 0
2607 9.633333 0.519615 0 0
2608 8.466667 0.115470 0 0
2609 9.831758 0.520525 0 0
2610 9.831400 0.174322 0 0
2611 8.134909 0.578260 0 0
2612 9.431081 0.864725 0 0
2613 9.231403 0.866293 0 0
2614 8.431081 0.864725 0 0
2615 8.900000 0.866025 0 0
2616 9.566667 0.862694 0 0
2617 9.766667 0.866025 0 0
2618 9.032184 0.862060 0 0
2619 9.864073 0.231587 0 0
2620 9.831075 0.287729 0 0
2621 9.633333 0.862139 0 0
2622 8.366291 0.862477 0 0
2623 8.333271 0.807699 0 0
2624 8.122671 0.341643 0 0
2625 8.106198 0.402060 0 0
2626 8.495621 0.871683 0 0
2627 8.299981 0.864128 0 0
2628 8.266653 0.807876 0 0
2629 8.233332 0.864223 0 0
2630 8.199997 0.807921 0 0
2631 8.167100 0.863727 0 0
2632 8.123836 0.804807 0 0
2633 9.834498 0.862170 0 0
2634 8.101617 0.635489 0 0
2635 8.400000 0.923760 0 0
2636 9.600000 0.918930 0 0
2637 8.064167 0.572257 0 0
2638 9.200000 0.692728 0 0
2639 8.866667 0.692820 0 0
2640 8.800000 0.692820 0 0
2641 8.633333 0.057735 0 0
2642 9.166667 0.635070 0 0
2643 9.233333 0.288675 0 0
2644 9.200000 0.346410 0 0
2645 9.166667 0.404145 0 0
2646 8.300000 0.057735 0 0
2647 9.766717 0.944219 0 0
2648 8.833333 0.635085 0 0
2649 8.500000 0.635085 0 0
2650 8.533333 0.577350 0 0
2651 8.233283 0.944219 0 0
2652 9.533333 0.115470 0 0
2653 8.533333 0.346410 0 0
2654 9.566667 0.519615 0 0
2655 9.666667 0.577350 0 0
2656 9.864829 0.578411 0 0
2657 9.898358 0.635496 0 0
2658 9.935792 0.572280 0 0
2659 8.134793 0.692456 0 0
2660 8.123017 0.464847 0 0
2661 8.833333 0.057735 0 0
2662 9.230963 0.935895 0 0
2663 9.700000 0.057735 0 0
2664 9.633333 0.057735 0 0
2665 9.733333 0.115470 0 0
2666 8.766667 0.945596 0 0
2667 8.733333 0.884530 0 0
2668 8.668919 0.885830 0 0
2669 8.694090 0.825112 0 0
2670 9.400000 0.115470 0 0
2671 9.466667 0.692820 0 0
2672 9.500000 0.635085 0 0
2673 9.865578 0.691982 0 0
2674 9.799678 0.115656 0 0
2675 9.876704 0.121175 0 0
2676 8.366656 0.750457 0 0
2677 9.433333 0.057735 0 0
2678 9.333333 0.115470 0 0
2679 9.497467 0.872308 0 0
2680 8.833333 0.404145 0 0
2681 9.566667 0.288675 0 0
2682 8.633709 0.942482 0 0
2683 8.600000 0.884530 0 0
2684 8.666667 0.346410 0 0
2685 9.633333 0.635085 0 0
2686 8.566499 0.945550 0 0
2687 9.433333 0.404145 0 0
2688 9.400000 0.461880 0 0
2689 9.333333 0.461880 0 0
2690 9.300000 0.404145 0 0
2691 9.366667 0.404145 0 0
2692 9.400000 0.346410 0 0
2693 9.300000 0.057735 0 0
2694 9.266667 0.115470 0 0
2695 9.300000 0.173205 0 0
2696 9.233333 0.173205 0 0
2697 9.800046 0.692357 0 0
2698 9.533333 0.230940 0 0
2699 8.433333 0.288675 0 0
2700 8.366667 0.288675 0 0
2701 8.400000 0.346410 0 0
2702 8.333333 0.346410 0 0
2703 8.566667 0.288675 0 0
2704 8.633333 0.288675 0 0
2705 8.666667 0.230940 0 0
2706 9.600000 0.577350 0 0
2707 9.033332 0.635091 0 0
2708 9.066602 0.693015 0 0
2709 9.133333 0.461880 0 0
2710 8.058526 0.767727 0 0
2711 8.900000 0.057735 0 0
2712 9.100000 0.404145 0 0
2713 9.033333 0.404145 0 0
2714 9.000000 0.461880 0 0
2715 9.733333 0.346410 0 0
2716 9.766290 0.288517 0 0
2717 9.799561 0.346226 0 0
2718 9.833260 0.404115 0 0
2719 9.876933 0.341477 0 0
2720 9.893708 0.402021 0 0
2721 9.876734 0.464967 0 0
2722 8.500000 0.288675 0 0
2723 8.866667 0.346410 0 0
2724 8.900000 0.404145 0 0
2725 8.966665 0.635092 0 0
2726 9.366291 0.862477 0 0
2727 9.400000 0.923760 0 0
2728 8.633333 0.634993 0 0
2729 8.600000 0.577335 0 0
2730 9.166667 0.173205 0 0
2731 9.931753 0.232196 0 0
2732 8.566667 0.519613 0 0
2733 9.033333 0.173205 0 0
2734 9.066667 0.115470 0 0
2735 9.066667 0.346410 0 0
2736 9.133333 0.115470 0 0
2737 9.100000 0.057735 0 0
2738 9.033333 0.057735 0 0
2739 8.233333 0.750521 0 0
2740 9.233333 0.404145 0 0
2741 9.500000 0.057735 0 0
2742 9.164020 0.943059 0 0
2743 9.133333 0.884530 0 0
2744 9.033333 0.944128 0 0
2745 8.900000 0.942265 0 0
2746 9.200000 0.115470 0 0
2747 8.733333 0.230940 0 0
2748 8.700000 0.173205 0 0
2749 9.200000 0.461880 0 0
2750 9.266667 0.692805 0 0
2751 9.300000 0.635083 0 0
2752 9.400000 0.692820 0 0
2753 8.933331 0.692826 0 0
2754 9.133269 0.692904 0 0
2755 9.266667 0.230940 0 0
2756 9.366667 0.173205 0 0
2757 8.966667 0.404145 0 0
2758 9.000000 0.346410 0 0
2759 9.299900 0.864165 0 0
2760 8.933333 0.115470 0 0
2761 9.000000 0.115470 0 0
2762 8.166714 0.057521 0 0
2763 8.200008 0.115434 0 0
2764 9.899225 0.949872 0 0
2765 8.100775 0.949872 0 0
2766 8.866667 0.461880 0 0
2767 8.500000 0.519615 0 0
2768 8.466667 0.577350 0 0
2769 8.766667 0.750555 0 0
2770 9.533333 0.692820 0 0
2771 8.834482 0.862058 0 0
2772 9.834905 0.058503 0 0
2773 8.666667 0.577332 0 0
2774 8.700000 0.519612 0 0
2775 8.900000 0.173205 0 0
2776 8.531204 0.808268 0 0
2777 8.700000 0.634974 0 0
2778 8.733655 0.693770 0 0
2779 9.566667 0.173205 0 0
2780 9.600000 0.230940 0 0
2781 9.566667 0.635085 0 0
2782 9.666667 0.807643 0 0
2783 9.700000 0.864111 0 0
2784 8.166667 0.519615 0 0
2785 9.600000 0.461880 0 0
2786 8.300000 0.635085 0 0
2787 8.266667 0.692815 0 0
2788 8.333333 0.461880 0 0
2789 8.300000 0.404145 0 0
2790 8.166667 0.288675 0 0
2791 8.135604 0.231401 0 0
2792 8.633333 0.173205 0 0
2793 9.942596 0.767663 0 0
2794 9.879481 0.802914 0 0
2795 8.068201 0.232170 0 0
2796 8.533333 0.115470 0 0
2797 8.500000 0.057735 0 0
2798 8.966667 0.866025 0 0
2799 8.600000 0.115470 0 0
2800 8.266668 0.115464 0 0
2801 9.600000 0.115470 0 0
2802 8.166667 0.750555 0 0
2803 8.433333 0.057735 0 0
2804 8.400000 0.115470 0 0
2805 8.299985 0.750365 0 0
2806 9.801403 0.462541 0 0
2807 9.233333 0.057735 0 0
2808 8.333334 0.115469 0 0
2809 8.122982 0.120953 0 0
2810 8.166667 0.173205 0 0
2811 8.233335 0.173198 0 0
2812 9.366667 0.635085 0 0
2813 9.936273 0.901082 0 0
2814 8.055459 0.099397 0 0
2815 9.944504 0.099424 0 0
2816 8.064017 0.901193 0 0
2817 9.943565 0.367852 0 0
2818 8.056377 0.367876 0 0
2819 9.892177 0.861227 0 0
2820 8.109271 0.862095 0 0
2821 8.056248 0.435689 0 0
2822 9.943704 0.435695 0 0
2823 9.890076 0.527299 0 0
2824 8.109499 0.527058 0 0
2825 8.110143 0.744699 0 0
2826 9.891208 0.742641 0 0
2827 8.110527 0.279574 0 0
2828 9.888919 0.280239 0 0
2829 9.955540 0.633333 0 0
2830 8.044460 0.633333 0 0
2831 9.888835 0.184033 0 0
2832 8.111352 0.180898 0 0
2833 8.645935 0.838804 0 0
2834 9.646882 0.952724 0 0
2835 8.353118 0.953414 0 0
2836 8.552353 0.856528 0 0
2837 9.086176 0.855786 0 0
2838 9.451982 0.913095 0 0
2839 8.451731 0.912839 0 0
2840 9.185623 0.894354 0 0
2841 8.782932 0.851977 0 0
2842 9.552939 0.953026 0 0
2843 9.353118 0.953414 0 0
2844 8.746492 0.812898 0 0
2845 8.048803 0.048803 0 0
2846 9.951197 0.951197 0 0
2847 9.951197 0.048803 0 0
2848 8.048803 0.951197 0 0
2849 8.266667 0.904145 0 0
2850 8.200064 0.904603 0 0
2851 9.269849 0.903918 0 0
2852 9.733533 0.904751 0 0
2853 8.866667 0.904145 0 0
2854 8.999863 0.903939 0 0
2855 8.933333 0.904145 0 0
2856 9.800236 0.904745 0 0
2857 8.539966 0.901300 0 0
2858 8.443404 0.955674 0 0
2859 8.332050 0.906453 0 0
2860 8.655058 0.795661 0 0
2861 8.801481 0.901411 0 0
2862 9.536864 0.905997 0 0
2863 9.332314 0.906437 0 0
2864 9.171608 0.849569 0 0
2865 9.667313 0.904911 0 0
2866 9.443336 0.955856 0 0
2867 9.065749 0.902631 0 0
2868 8.133333 0.907205 0 0
2869 9.866667 0.907205 0 0
