0 3 0 633 165 739
1 3 0 389 691 1063
2 3 0 107 108 988
3 3 0 834 301 1024
4 3 0 97 98 640
5 3 0 587 633 739
6 3 0 187 626 627
7 3 0 624 179 640
8 3 0 654 173 695
9 3 0 408 406 657
10 3 0 155 912 1027
11 3 0 10 664 1088
12 3 0 740 155 1027
13 3 0 179 624 657
14 3 0 10 11 664
15 3 0 875 1002 1039
16 3 0 655 654 695
17 3 0 805 485 807
18 3 0 618 566 659
19 3 0 818 177 820
20 3 0 691 616 1063
21 3 0 152 490 491
22 3 0 490 162 493
23 3 0 574 170 632
24 3 0 553 169 618
25 3 0 171 574 575
26 3 0 172 553 616
27 3 0 634 582 842
28 3 0 194 930 947
29 3 0 565 489 631
30 3 0 502 501 631
31 3 0 982 623 1062
32 3 0 115 116 684
33 3 0 345 721 763
34 3 0 179 97 640
35 3 0 1002 176 1039
36 3 0 385 537 669
37 3 0 626 187 667
38 3 0 668 987 1015
39 3 0 833 834 1024
40 3 0 732 611 949
41 3 0 844 583 1069
42 3 0 169 566 618
43 3 0 842 583 844
44 3 0 611 732 994
45 3 0 802 568 803
46 3 0 637 184 704
47 3 0 196 819 820
48 3 0 836 197 837
49 3 0 721 720 763
50 3 0 177 818 1085
51 3 0 817 384 818
52 3 0 151 634 842
53 3 0 167 628 653
54 3 0 152 6 490
55 3 0 134 162 490
56 3 0 131 169 553
57 3 0 137 170 574
58 3 0 171 7 574
59 3 0 172 5 553
60 3 0 669 668 1015
61 3 0 724 615 1021
62 3 0 815 384 817
63 3 0 162 489 565
64 3 0 987 668 1020
65 3 0 116 148 684
66 3 0 164 982 1062
67 3 0 188 987 1020
68 3 0 567 637 704
69 3 0 767 596 954
70 3 0 568 802 1087
71 3 0 582 583 842
72 3 0 628 167 988
73 3 0 108 192 988
74 3 0 167 107 988
75 3 0 720 362 763
76 3 0 406 620 657
77 3 0 624 408 657
78 3 0 122 149 876
79 3 0 636 674 1055
80 3 0 121 122 876
81 3 0 164 629 982
82 3 0 629 164 1000
83 3 0 630 629 1000
84 3 0 698 700 1008
85 3 0 386 385 669
86 3 0 670 625 958
87 3 0 489 133 1055
88 3 0 133 132 1055
89 3 0 630 1000 1011
90 3 0 807 485 809
91 3 0 569 658 680
92 3 0 172 636 1055
93 3 0 640 98 958
94 3 0 617 565 660
95 3 0 617 660 1074
96 3 0 362 720 767
97 3 0 715 738 984
98 3 0 187 627 641
99 3 0 502 631 674
100 3 0 401 1029 1044
101 3 0 912 155 985
102 3 0 1029 781 1044
103 3 0 657 620 663
104 3 0 729 482 1042
105 3 0 670 571 926
106 3 0 1017 770 1033
107 3 0 637 912 985
108 3 0 95 96 663
109 3 0 482 729 1056
110 3 0 149 874 876
111 3 0 485 805 1043
112 3 0 196 820 1051
113 3 0 874 149 877
114 3 0 1028 917 1072
115 3 0 837 197 1052
116 3 0 644 466 646
117 3 0 748 1004 1031
118 3 0 301 834 869
119 3 0 144 652 667
120 3 0 194 947 1025
121 3 0 537 652 669
122 3 0 898 168 947
123 3 0 680 658 1086
124 3 0 817 818 820
125 3 0 948 897 1010
126 3 0 625 640 958
127 3 0 362 767 954
128 3 0 993 584 1019
129 3 0 638 166 656
130 3 0 631 501 1113
131 3 0 100 101 656
132 3 0 147 685 1086
133 3 0 735 1028 1072
134 3 0 551 727 981
135 3 0 621 1026 1041
136 3 0 721 345 764
137 3 0 634 151 843
138 3 0 163 1026 1048
139 3 0 566 651 659
140 3 0 35 36 667
141 3 0 837 178 846
142 3 0 654 621 1041
143 3 0 166 638 670
144 3 0 877 1006 1010
145 3 0 597 596 767
146 3 0 175 647 648
147 3 0 168 898 948
148 3 0 738 298 984
149 3 0 647 175 649
150 3 0 452 724 1021
151 3 0 615 724 1054
152 3 0 719 597 767
153 3 0 652 626 667
154 3 0 700 400 1008
155 3 0 835 844 1069
156 3 0 587 739 740
157 3 0 650 995 1012
158 3 0 685 147 686
159 3 0 1016 391 1036
160 3 0 766 1017 1033
161 3 0 166 100 656
162 3 0 726 570 976
163 3 0 369 810 812
164 3 0 466 644 675
165 3 0 183 95 663
166 3 0 645 575 679
167 3 0 157 10 1088
168 3 0 995 153 1012
169 3 0 184 637 985
170 3 0 305 812 1047
171 3 0 658 147 1086
172 3 0 635 176 1002
173 3 0 638 571 670
174 3 0 625 670 926
175 3 0 1004 589 1031
176 3 0 930 194 1045
177 3 0 812 305 1071
178 3 0 96 179 663
179 3 0 663 620 1093
180 3 0 1026 621 1048
181 3 0 335 1067 1070
182 3 0 810 369 813
183 3 0 617 696 1068
184 3 0 575 645 727
185 3 0 696 617 1074
186 3 0 898 897 948
187 3 0 1023 700 1040
188 3 0 597 719 984
189 3 0 389 1063 1081
190 3 0 496 646 1049
191 3 0 483 632 1102
192 3 0 727 551 953
193 3 0 573 873 877
194 3 0 819 196 997
195 3 0 873 874 877
196 3 0 197 836 996
197 3 0 1006 193 1010
198 3 0 518 521 682
199 3 0 187 35 667
200 3 0 36 144 667
201 3 0 193 948 1010
202 3 0 797 993 1019
203 3 0 402 1023 1040
204 3 0 1067 776 1070
205 3 0 152 491 492
206 3 0 632 483 1030
207 3 0 723 764 765
208 3 0 616 691 1104
209 3 0 719 715 984
210 3 0 493 162 565
211 3 0 172 616 636
212 3 0 565 631 660
213 3 0 652 144 668
214 3 0 727 645 981
215 3 0 639 966 980
216 3 0 165 633 1091
217 3 0 517 682 683
218 3 0 735 482 1028
219 3 0 962 1045 1098
220 3 0 517 683 786
221 3 0 482 735 1042
222 3 0 656 101 966
223 3 0 650 188 995
224 3 0 684 148 1013
225 3 0 1045 745 1098
226 3 0 659 651 1077
227 3 0 166 670 958
228 3 0 448 456 675
229 3 0 176 635 1057
230 3 0 792 1016 1036
231 3 0 631 489 674
232 3 0 570 726 1101
233 3 0 991 368 999
234 3 0 171 575 727
235 3 0 704 698 1008
236 3 0 188 650 987
237 3 0 641 627 642
238 3 0 115 684 1035
239 3 0 876 875 1039
240 3 0 517 518 682
241 3 0 521 647 682
242 3 0 512 513 786
243 3 0 567 704 1008
244 3 0 674 636 1090
245 3 0 639 656 966
246 3 0 324 935 936
247 3 0 966 156 980
248 3 0 456 466 675
249 3 0 171 727 953
250 3 0 618 659 1081
251 3 0 179 657 663
252 3 0 447 448 675
253 3 0 660 631 1113
254 3 0 720 719 767
255 3 0 574 632 1030
256 3 0 575 574 1030
257 3 0 846 178 1064
258 3 0 324 665 935
259 3 0 695 694 1061
260 3 0 636 545 1090
261 3 0 647 649 682
262 3 0 683 684 1013
263 3 0 513 517 786
264 3 0 619 512 786
265 3 0 105 106 973
266 3 0 106 167 973
267 3 0 935 594 936
268 3 0 204 206 910
269 3 0 723 765 766
270 3 0 167 653 973
271 3 0 673 783 951
272 3 0 652 668 669
273 3 0 492 491 494
274 3 0 1061 694 1075
275 3 0 644 646 1059
276 3 0 665 324 910
277 3 0 493 565 617
278 3 0 686 594 935
279 3 0 877 149 1006
280 3 0 755 754 934
281 3 0 498 685 686
282 3 0 476 1078 1080
283 3 0 782 361 974
284 3 0 884 354 957
285 3 0 632 170 1049
286 3 0 755 438 757
287 3 0 224 229 678
288 3 0 766 777 1017
289 3 0 370 651 1066
290 3 0 783 241 951
291 3 0 229 672 678
292 3 0 671 595 680
293 3 0 646 496 1059
294 3 0 749 666 750
295 3 0 361 362 954
296 3 0 753 752 913
297 3 0 536 314 971
298 3 0 438 755 934
299 3 0 757 438 759
300 3 0 222 224 678
301 3 0 595 671 681
302 3 0 885 758 940
303 3 0 431 753 913
304 3 0 581 823 998
305 3 0 623 664 1062
306 3 0 21 165 733
307 3 0 538 536 943
308 3 0 439 762 885
309 3 0 672 229 687
310 3 0 324 204 910
311 3 0 72 73 843
312 3 0 792 401 1016
313 3 0 747 748 907
314 3 0 642 991 999
315 3 0 206 750 910
316 3 0 226 228 688
317 3 0 748 718 907
318 3 0 738 717 1003
319 3 0 788 599 882
320 3 0 498 686 935
321 3 0 750 666 910
322 3 0 666 749 915
323 3 0 749 272 915
324 3 0 888 769 925
325 3 0 881 751 938
326 3 0 677 548 960
327 3 0 446 677 960
328 3 0 284 303 681
329 3 0 439 885 940
330 3 0 427 425 759
331 3 0 758 757 759
332 3 0 438 427 759
333 3 0 758 759 940
334 3 0 602 788 882
335 3 0 473 645 679
336 3 0 440 676 881
337 3 0 545 407 690
338 3 0 762 439 941
339 3 0 614 464 689
340 3 0 20 21 733
341 3 0 73 190 843
342 3 0 151 72 843
343 3 0 178 837 1052
344 3 0 820 177 1051
345 3 0 752 676 913
346 3 0 303 595 681
347 3 0 688 884 957
348 3 0 229 226 688
349 3 0 754 753 934
350 3 0 282 284 681
351 3 0 271 888 925
352 3 0 173 693 695
353 3 0 693 694 695
354 3 0 464 465 689
355 3 0 501 413 705
356 3 0 688 228 884
357 3 0 156 103 692
358 3 0 678 673 951
359 3 0 154 747 907
360 3 0 389 390 691
361 3 0 762 761 885
362 3 0 722 141 793
363 3 0 244 249 795
364 3 0 500 672 687
365 3 0 676 440 913
366 3 0 412 502 690
367 3 0 30 186 701
368 3 0 728 180 729
369 3 0 681 671 867
370 3 0 602 500 687
371 3 0 173 654 1041
372 3 0 941 446 960
373 3 0 173 93 693
374 3 0 17 728 734
375 3 0 422 455 696
376 3 0 19 20 731
377 3 0 354 788 957
378 3 0 494 491 570
379 3 0 742 741 800
380 3 0 600 742 800
381 3 0 486 487 685
382 3 0 440 881 938
383 3 0 104 3 195
384 3 0 492 494 585
385 3 0 282 681 867
386 3 0 787 599 788
387 3 0 354 353 787
388 3 0 322 325 486
389 3 0 666 665 910
390 3 0 18 180 728
391 3 0 701 186 702
392 3 0 787 353 794
393 3 0 452 437 724
394 3 0 651 370 1077
395 3 0 376 378 659
396 3 0 184 697 704
397 3 0 466 614 646
398 3 0 469 471 483
399 3 0 693 183 694
400 3 0 174 734 735
401 3 0 753 431 934
402 3 0 699 701 702
403 3 0 184 27 697
404 3 0 9 157 745
405 3 0 731 20 733
406 3 0 275 277 322
407 3 0 185 706 707
408 3 0 456 464 466
409 3 0 390 405 691
410 3 0 466 464 614
411 3 0 154 87 747
412 3 0 418 463 705
413 3 0 473 475 645
414 3 0 741 503 800
415 3 0 449 428 737
416 3 0 405 407 545
417 3 0 407 409 690
418 3 0 725 449 726
419 3 0 445 441 845
420 3 0 412 413 501
421 3 0 465 469 689
422 3 0 762 941 960
423 3 0 412 501 502
424 3 0 498 486 685
425 3 0 185 85 706
426 3 0 486 325 487
427 3 0 303 370 595
428 3 0 409 412 690
429 3 0 706 154 768
430 3 0 322 277 325
431 3 0 471 473 679
432 3 0 405 545 691
433 3 0 242 244 795
434 3 0 426 449 725
435 3 0 213 272 749
436 3 0 483 471 679
437 3 0 729 180 730
438 3 0 303 304 370
439 3 0 413 415 705
440 3 0 409 411 412
441 3 0 697 698 704
442 3 0 435 452 736
443 3 0 89 163 746
444 3 0 442 447 724
445 3 0 420 422 696
446 3 0 682 649 683
447 3 0 428 430 737
448 3 0 29 30 701
449 3 0 469 483 689
450 3 0 497 486 498
451 3 0 547 761 762
452 3 0 527 525 760
453 3 0 742 600 794
454 3 0 211 749 750
455 3 0 1078 949 1080
456 3 0 547 529 761
457 3 0 94 183 693
458 3 0 463 420 696
459 3 0 174 16 734
460 3 0 437 442 724
461 3 0 415 417 418
462 3 0 249 742 795
463 3 0 503 741 859
464 3 0 412 411 413
465 3 0 418 420 463
466 3 0 206 208 750
467 3 0 325 277 867
468 3 0 519 754 755
469 3 0 779 775 781
470 3 0 519 516 754
471 3 0 415 418 705
472 3 0 330 503 859
473 3 0 141 83 793
474 3 0 794 353 922
475 3 0 747 746 748
476 3 0 687 229 688
477 3 0 504 295 904
478 3 0 376 377 378
479 3 0 532 523 756
480 3 0 208 211 750
481 3 0 527 760 761
482 3 0 323 858 1005
483 3 0 418 419 420
484 3 0 284 286 303
485 3 0 96 97 179
486 3 0 18 19 180
487 3 0 532 756 757
488 3 0 32 143 743
489 3 0 185 708 793
490 3 0 671 325 867
491 3 0 8 9 745
492 3 0 94 95 183
493 3 0 713 717 738
494 3 0 272 273 275
495 3 0 422 424 455
496 3 0 17 18 728
497 3 0 92 93 173
498 3 0 15 16 174
499 3 0 795 794 922
500 3 0 697 145 698
501 3 0 12 13 164
502 3 0 28 145 697
503 3 0 456 457 464
504 3 0 378 379 389
505 3 0 743 143 744
506 3 0 371 373 376
507 3 0 703 743 744
508 3 0 165 22 739
509 3 0 708 722 793
510 3 0 435 437 452
511 3 0 86 154 706
512 3 0 515 752 753
513 3 0 21 22 165
514 3 0 99 100 166
515 3 0 441 436 845
516 3 0 191 78 778
517 3 0 401 792 1029
518 3 0 24 25 155
519 3 0 88 746 747
520 3 0 102 103 156
521 3 0 275 276 277
522 3 0 322 486 497
523 3 0 532 757 758
524 3 0 433 435 736
525 3 0 9 10 157
526 3 0 211 213 749
527 3 0 26 27 184
528 3 0 448 451 456
529 3 0 89 90 163
530 3 0 442 444 447
531 3 0 86 87 154
532 3 0 418 417 419
533 3 0 560 769 888
534 3 0 773 775 779
535 3 0 515 511 752
536 3 0 523 520 756
537 3 0 561 560 562
538 3 0 590 655 905
539 3 0 711 710 713
540 3 0 213 215 272
541 3 0 191 778 779
542 3 0 784 504 904
543 3 0 420 421 422
544 3 0 28 29 145
545 3 0 455 424 725
546 3 0 430 433 737
547 3 0 344 345 763
548 3 0 469 470 471
549 3 0 868 340 883
550 3 0 715 713 738
551 3 0 778 773 779
552 3 0 82 141 770
553 3 0 309 296 769
554 3 0 761 760 885
555 3 0 88 89 746
556 3 0 560 388 769
557 3 0 709 707 710
558 3 0 185 707 708
559 3 0 93 94 693
560 3 0 16 17 734
561 3 0 563 562 975
562 3 0 84 85 185
563 3 0 350 361 782
564 3 0 298 738 1003
565 3 0 81 770 771
566 3 0 31 32 743
567 3 0 711 713 715
568 3 0 709 710 711
569 3 0 422 423 424
570 3 0 180 19 731
571 3 0 190 796 797
572 3 0 868 601 882
573 3 0 388 309 769
574 3 0 943 536 971
575 3 0 458 445 845
576 3 0 424 426 725
577 3 0 370 304 371
578 3 0 74 75 796
579 3 0 145 29 701
580 3 0 516 515 754
581 3 0 559 388 560
582 3 0 433 736 737
583 3 0 708 707 709
584 3 0 282 283 284
585 3 0 713 714 717
586 3 0 601 602 882
587 3 0 503 332 870
588 3 0 27 28 697
589 3 0 673 782 783
590 3 0 420 419 421
591 3 0 87 88 747
592 3 0 78 79 778
593 3 0 465 468 469
594 3 0 342 343 344
595 3 0 303 286 304
596 3 0 460 458 751
597 3 0 328 330 859
598 3 0 707 706 768
599 3 0 426 428 449
600 3 0 326 328 879
601 3 0 361 348 362
602 3 0 82 83 141
603 3 0 509 507 676
604 3 0 702 186 703
605 3 0 354 787 788
606 3 0 478 460 505
607 3 0 346 344 348
608 3 0 525 532 760
609 3 0 350 348 361
610 3 0 601 868 883
611 3 0 433 434 435
612 3 0 471 472 473
613 3 0 278 280 282
614 3 0 390 404 405
615 3 0 673 499 782
616 3 0 85 86 706
617 3 0 525 523 532
618 3 0 487 671 680
619 3 0 413 414 415
620 3 0 159 771 772
621 3 0 340 341 342
622 3 0 30 31 186
623 3 0 505 460 751
624 3 0 272 275 915
625 3 0 22 23 739
626 3 0 590 654 655
627 3 0 515 753 754
628 3 0 698 699 700
629 3 0 110 111 150
630 3 0 122 123 149
631 3 0 856 799 861
632 3 0 142 76 789
633 3 0 499 350 782
634 3 0 116 117 148
635 3 0 816 819 839
636 3 0 529 527 761
637 3 0 509 676 752
638 3 0 506 505 507
639 3 0 142 789 790
640 3 0 730 731 732
641 3 0 342 344 346
642 3 0 181 816 839
643 3 0 511 509 752
644 3 0 716 715 719
645 3 0 237 242 922
646 3 0 361 954 974
647 3 0 159 80 771
648 3 0 405 406 407
649 3 0 497 498 665
650 3 0 676 507 881
651 3 0 546 363 849
652 3 0 190 74 796
653 3 0 518 516 519
654 3 0 856 291 857
655 3 0 142 790 791
656 3 0 505 751 881
657 3 0 513 511 515
658 3 0 415 416 417
659 3 0 698 145 699
660 3 0 544 357 864
661 3 0 454 445 458
662 3 0 814 181 821
663 3 0 672 499 673
664 3 0 422 421 423
665 3 0 557 548 677
666 3 0 170 496 1049
667 3 0 81 82 770
668 3 0 181 814 816
669 3 0 342 341 343
670 3 0 79 80 159
671 3 0 338 339 340
672 3 0 508 507 509
673 3 0 713 710 714
674 3 0 113 114 175
675 3 0 119 120 176
676 3 0 103 104 692
677 3 0 75 142 796
678 3 0 344 343 345
679 3 0 181 50 821
680 3 0 756 755 757
681 3 0 84 185 793
682 3 0 519 755 756
683 3 0 346 348 350
684 3 0 337 336 338
685 3 0 459 458 460
686 3 0 50 51 821
687 3 0 520 519 756
688 3 0 800 503 870
689 3 0 447 444 448
690 3 0 774 772 777
691 3 0 272 215 273
692 3 0 430 432 433
693 3 0 478 505 506
694 3 0 473 474 475
695 3 0 424 425 426
696 3 0 599 347 882
697 3 0 291 856 861
698 3 0 76 77 789
699 3 0 513 515 516
700 3 0 561 562 563
701 3 0 773 772 774
702 3 0 409 410 411
703 3 0 334 335 336
704 3 0 672 673 678
705 3 0 191 779 780
706 3 0 186 31 743
707 3 0 51 52 853
708 3 0 791 790 792
709 3 0 337 338 347
710 3 0 278 282 867
711 3 0 80 81 771
712 3 0 334 336 337
713 3 0 159 772 773
714 3 0 332 333 334
715 3 0 821 51 853
716 3 0 79 159 778
717 3 0 857 291 860
718 3 0 330 332 503
719 3 0 330 331 332
720 3 0 600 787 794
721 3 0 683 649 684
722 3 0 780 779 781
723 3 0 340 339 341
724 3 0 531 529 547
725 3 0 338 336 339
726 3 0 328 859 879
727 3 0 376 373 377
728 3 0 477 460 478
729 3 0 492 585 586
730 3 0 77 78 191
731 3 0 633 563 978
732 3 0 249 741 742
733 3 0 510 509 511
734 3 0 347 338 868
735 3 0 328 329 330
736 3 0 348 344 763
737 3 0 267 270 850
738 3 0 775 774 776
739 3 0 830 833 838
740 3 0 322 497 915
741 3 0 708 709 712
742 3 0 559 560 561
743 3 0 332 334 870
744 3 0 160 807 808
745 3 0 314 295 504
746 3 0 769 296 925
747 3 0 407 408 409
748 3 0 160 806 807
749 3 0 363 365 849
750 3 0 319 267 850
751 3 0 751 458 845
752 3 0 506 507 508
753 3 0 332 331 333
754 3 0 828 830 838
755 3 0 334 333 335
756 3 0 522 520 523
757 3 0 826 828 838
758 3 0 826 827 828
759 3 0 257 261 798
760 3 0 808 807 809
761 3 0 393 347 599
762 3 0 326 327 328
763 3 0 424 423 425
764 3 0 330 329 331
765 3 0 518 519 520
766 3 0 578 577 579
767 3 0 810 809 812
768 3 0 275 273 276
769 3 0 841 842 844
770 3 0 340 342 883
771 3 0 160 53 806
772 3 0 306 318 535
773 3 0 234 353 354
774 3 0 717 714 718
775 3 0 261 288 798
776 3 0 308 299 799
777 3 0 804 805 806
778 3 0 288 326 798
779 3 0 806 805 807
780 3 0 600 599 787
781 3 0 146 802 803
782 3 0 711 715 716
783 3 0 77 191 789
784 3 0 357 359 864
785 3 0 54 804 806
786 3 0 577 383 799
787 3 0 288 316 326
788 3 0 841 151 842
789 3 0 577 799 856
790 3 0 828 829 830
791 3 0 245 243 851
792 3 0 833 832 834
793 3 0 825 824 826
794 3 0 576 383 577
795 3 0 146 801 802
796 3 0 830 832 833
797 3 0 808 809 810
798 3 0 54 55 804
799 3 0 383 308 799
800 3 0 262 260 848
801 3 0 189 822 823
802 3 0 804 803 805
803 3 0 826 824 827
804 3 0 827 182 828
805 3 0 158 824 825
806 3 0 53 54 806
807 3 0 840 841 844
808 3 0 796 791 797
809 3 0 270 306 850
810 3 0 328 327 329
811 3 0 52 160 853
812 3 0 433 432 434
813 3 0 32 33 143
814 3 0 830 831 832
815 3 0 773 774 775
816 3 0 578 579 580
817 3 0 295 293 904
818 3 0 524 523 525
819 3 0 365 367 550
820 3 0 828 182 829
821 3 0 824 61 827
822 3 0 61 62 827
823 3 0 62 182 827
824 3 0 607 375 887
825 3 0 142 791 796
826 3 0 290 262 848
827 3 0 178 69 840
828 3 0 69 70 840
829 3 0 34 35 187
830 3 0 71 151 841
831 3 0 326 316 327
832 3 0 265 319 866
833 3 0 840 70 841
834 3 0 576 577 578
835 3 0 830 829 831
836 3 0 146 803 804
837 3 0 251 245 851
838 3 0 642 627 991
839 3 0 811 810 813
840 3 0 512 511 513
841 3 0 249 603 741
842 3 0 506 514 873
843 3 0 829 182 847
844 3 0 321 290 352
845 3 0 49 181 839
846 3 0 48 49 839
847 3 0 836 829 847
848 3 0 359 363 546
849 3 0 36 37 144
850 3 0 70 71 841
851 3 0 55 146 804
852 3 0 38 39 188
853 3 0 146 56 801
854 3 0 55 56 146
855 3 0 57 189 801
856 3 0 59 158 822
857 3 0 56 57 801
858 3 0 57 58 189
859 3 0 189 58 822
860 3 0 52 53 160
861 3 0 40 41 153
862 3 0 58 59 822
863 3 0 59 60 158
864 3 0 158 60 824
865 3 0 43 44 177
866 3 0 49 50 181
867 3 0 60 61 824
868 3 0 68 69 178
869 3 0 62 63 182
870 3 0 45 46 196
871 3 0 66 67 197
872 3 0 75 76 142
873 3 0 73 74 190
874 3 0 71 72 151
875 3 0 834 832 835
876 3 0 814 813 815
877 3 0 374 352 375
878 3 0 537 536 538
879 3 0 294 293 295
880 3 0 63 64 847
881 3 0 385 314 536
882 3 0 481 375 607
883 3 0 799 299 861
884 3 0 263 255 293
885 3 0 182 63 847
886 3 0 352 290 848
887 3 0 816 815 817
888 3 0 351 350 499
889 3 0 508 509 510
890 3 0 808 810 811
891 3 0 242 795 922
892 3 0 306 317 318
893 3 0 306 535 850
894 3 0 83 84 793
895 3 0 378 377 379
896 3 0 337 347 393
897 3 0 579 856 857
898 3 0 819 817 820
899 3 0 265 267 319
900 3 0 244 248 249
901 3 0 270 305 306
902 3 0 831 836 837
903 3 0 811 813 814
904 3 0 814 815 816
905 3 0 816 817 819
906 3 0 831 829 836
907 3 0 382 308 383
908 3 0 258 251 395
909 3 0 832 831 846
910 3 0 318 392 397
911 3 0 831 837 846
912 3 0 321 352 374
913 3 0 811 814 821
914 3 0 478 506 873
915 3 0 257 798 863
916 3 0 742 794 795
917 3 0 396 395 606
918 3 0 488 383 576
919 3 0 261 287 288
920 3 0 835 832 846
921 3 0 381 584 854
922 3 0 459 460 477
923 3 0 393 599 600
924 3 0 365 550 849
925 3 0 456 451 457
926 3 0 374 375 481
927 3 0 288 315 316
928 3 0 481 607 608
929 3 0 488 661 662
930 3 0 289 262 290
931 3 0 716 719 720
932 3 0 381 582 584
933 3 0 289 300 301
934 3 0 313 295 314
935 3 0 362 348 763
936 3 0 382 383 488
937 3 0 306 305 317
938 3 0 277 276 278
939 3 0 300 290 321
940 3 0 464 457 465
941 3 0 302 320 369
942 3 0 318 317 392
943 3 0 582 533 583
944 3 0 488 576 661
945 3 0 579 577 856
946 3 0 263 293 294
947 3 0 320 382 384
948 3 0 397 392 568
949 3 0 289 290 300
950 3 0 395 251 851
951 3 0 355 544 852
952 3 0 274 268 299
953 3 0 320 308 382
954 3 0 329 327 391
955 3 0 741 603 859
956 3 0 381 315 533
957 3 0 789 780 790
958 3 0 300 321 323
959 3 0 385 536 537
960 3 0 160 808 853
961 3 0 374 481 581
962 3 0 258 395 396
963 3 0 250 245 251
964 3 0 256 264 265
965 3 0 584 582 634
966 3 0 249 248 603
967 3 0 874 514 875
968 3 0 288 287 315
969 3 0 811 821 853
970 3 0 316 315 381
971 3 0 500 499 672
972 3 0 267 268 270
973 3 0 270 274 305
974 3 0 270 268 274
975 3 0 578 580 650
976 3 0 392 317 485
977 3 0 231 233 234
978 3 0 254 251 258
979 3 0 808 811 853
980 3 0 381 533 582
981 3 0 302 299 308
982 3 0 873 514 874
983 3 0 517 516 518
984 3 0 302 308 320
985 3 0 333 331 401
986 3 0 274 299 302
987 3 0 267 266 268
988 3 0 237 239 242
989 3 0 287 262 289
990 3 0 250 254 257
991 3 0 265 266 267
992 3 0 855 301 869
993 3 0 454 458 459
994 3 0 294 295 313
995 3 0 191 780 789
996 3 0 257 260 261
997 3 0 258 396 604
998 3 0 261 262 287
999 3 0 266 264 291
1000 3 0 355 357 544
1001 3 0 375 352 878
1002 3 0 256 263 264
1003 3 0 598 398 609
1004 3 0 895 246 900
1005 3 0 604 396 605
1006 3 0 250 251 254
1007 3 0 626 538 627
1008 3 0 338 340 868
1009 3 0 289 301 855
1010 3 0 257 254 260
1011 3 0 321 374 858
1012 3 0 261 260 262
1013 3 0 265 264 266
1014 3 0 343 341 349
1015 3 0 359 546 864
1016 3 0 323 321 858
1017 3 0 798 326 879
1018 3 0 532 758 760
1019 3 0 244 245 248
1020 3 0 240 238 246
1021 3 0 327 316 854
1022 3 0 284 285 286
1023 3 0 510 511 512
1024 3 0 316 381 854
1025 3 0 533 855 869
1026 3 0 228 231 884
1027 3 0 248 245 250
1028 3 0 256 255 263
1029 3 0 237 238 239
1030 3 0 311 355 852
1031 3 0 313 385 386
1032 3 0 862 604 878
1033 3 0 242 243 244
1034 3 0 234 235 353
1035 3 0 244 243 245
1036 3 0 222 678 951
1037 3 0 231 232 233
1038 3 0 313 314 385
1039 3 0 374 581 858
1040 3 0 287 289 855
1041 3 0 239 238 240
1042 3 0 247 255 256
1043 3 0 533 315 855
1044 3 0 159 773 778
1045 3 0 315 287 855
1046 3 0 759 425 940
1047 3 0 240 247 534
1048 3 0 391 327 854
1049 3 0 234 354 884
1050 3 0 394 784 785
1051 3 0 710 707 768
1052 3 0 605 916 920
1053 3 0 247 246 255
1054 3 0 282 280 283
1055 3 0 242 239 243
1056 3 0 848 260 862
1057 3 0 768 154 907
1058 3 0 240 246 247
1059 3 0 477 478 573
1060 3 0 234 233 235
1061 3 0 848 862 878
1062 3 0 299 268 861
1063 3 0 609 398 921
1064 3 0 108 109 192
1065 3 0 537 538 626
1066 3 0 223 252 886
1067 3 0 237 236 238
1068 3 0 124 125 193
1069 3 0 268 266 861
1070 3 0 235 236 237
1071 3 0 235 233 236
1072 3 0 227 225 292
1073 3 0 506 508 514
1074 3 0 346 350 351
1075 3 0 254 258 862
1076 3 0 291 264 860
1077 3 0 367 368 612
1078 3 0 264 263 860
1079 3 0 250 257 863
1080 3 0 258 604 862
1081 3 0 393 600 800
1082 3 0 263 294 860
1083 3 0 394 253 549
1084 3 0 603 248 863
1085 3 0 260 254 862
1086 3 0 266 291 861
1087 3 0 583 533 869
1088 3 0 334 337 870
1089 3 0 537 626 652
1090 3 0 248 250 863
1091 3 0 526 525 527
1092 3 0 256 265 866
1093 3 0 851 243 865
1094 3 0 239 240 865
1095 3 0 232 230 253
1096 3 0 231 230 232
1097 3 0 394 549 784
1098 3 0 562 560 888
1099 3 0 243 239 865
1100 3 0 722 712 723
1101 3 0 426 425 427
1102 3 0 224 226 229
1103 3 0 522 523 524
1104 3 0 513 516 517
1105 3 0 351 499 500
1106 3 0 247 256 866
1107 3 0 426 427 428
1108 3 0 232 253 394
1109 3 0 240 534 865
1110 3 0 228 230 231
1111 3 0 487 325 671
1112 3 0 347 868 882
1113 3 0 606 395 891
1114 3 0 389 379 390
1115 3 0 534 247 866
1116 3 0 703 186 743
1117 3 0 293 255 895
1118 3 0 365 366 367
1119 3 0 337 393 870
1120 3 0 225 223 886
1121 3 0 521 520 522
1122 3 0 785 895 900
1123 3 0 284 283 285
1124 3 0 367 366 368
1125 3 0 233 232 871
1126 3 0 394 785 871
1127 3 0 865 534 891
1128 3 0 593 512 619
1129 3 0 507 505 881
1130 3 0 851 865 891
1131 3 0 236 233 871
1132 3 0 435 436 437
1133 3 0 352 848 878
1134 3 0 393 800 870
1135 3 0 208 210 211
1136 3 0 227 292 872
1137 3 0 699 145 701
1138 3 0 863 798 879
1139 3 0 601 500 602
1140 3 0 311 852 880
1141 3 0 603 863 879
1142 3 0 604 605 887
1143 3 0 202 204 324
1144 3 0 712 709 901
1145 3 0 366 364 480
1146 3 0 903 386 911
1147 3 0 223 221 252
1148 3 0 232 394 871
1149 3 0 510 512 593
1150 3 0 711 716 901
1151 3 0 524 525 526
1152 3 0 518 520 521
1153 3 0 708 712 722
1154 3 0 219 217 399
1155 3 0 874 875 876
1156 3 0 521 552 647
1157 3 0 351 500 601
1158 3 0 859 603 879
1159 3 0 228 227 230
1160 3 0 497 666 915
1161 3 0 573 478 873
1162 3 0 375 878 887
1163 3 0 226 227 228
1164 3 0 413 411 414
1165 3 0 218 220 241
1166 3 0 469 468 470
1167 3 0 730 180 731
1168 3 0 580 579 911
1169 3 0 521 522 552
1170 3 0 387 309 388
1171 3 0 363 364 365
1172 3 0 593 619 635
1173 3 0 253 230 872
1174 3 0 878 604 887
1175 3 0 360 358 402
1176 3 0 365 364 366
1177 3 0 246 238 900
1178 3 0 569 495 658
1179 3 0 135 6 152
1180 3 0 471 470 472
1181 3 0 226 225 227
1182 3 0 785 784 904
1183 3 0 875 514 889
1184 3 0 342 346 883
1185 3 0 359 360 363
1186 3 0 231 234 884
1187 3 0 528 527 529
1188 3 0 292 225 886
1189 3 0 281 596 597
1190 3 0 224 225 226
1191 3 0 277 278 867
1192 3 0 524 526 591
1193 3 0 850 535 914
1194 3 0 230 227 872
1195 3 0 514 508 889
1196 3 0 313 386 903
1197 3 0 866 319 902
1198 3 0 647 552 648
1199 3 0 437 441 442
1200 3 0 531 547 548
1201 3 0 860 294 903
1202 3 0 558 388 559
1203 3 0 236 871 900
1204 3 0 871 785 900
1205 3 0 211 212 213
1206 3 0 395 851 891
1207 3 0 423 421 439
1208 3 0 434 432 440
1209 3 0 428 429 430
1210 3 0 224 223 225
1211 3 0 429 427 438
1212 3 0 716 721 901
1213 3 0 346 351 883
1214 3 0 405 404 406
1215 3 0 356 312 400
1216 3 0 585 494 592
1217 3 0 902 319 914
1218 3 0 363 360 364
1219 3 0 222 223 224
1220 3 0 213 214 215
1221 3 0 857 860 903
1222 3 0 459 477 484
1223 3 0 357 358 359
1224 3 0 428 427 429
1225 3 0 430 431 432
1226 3 0 297 310 311
1227 3 0 430 429 431
1228 3 0 508 510 889
1229 3 0 716 720 721
1230 3 0 709 711 901
1231 3 0 255 246 895
1232 3 0 751 845 938
1233 3 0 714 710 768
1234 3 0 857 903 911
1235 3 0 215 214 216
1236 3 0 238 236 900
1237 3 0 359 358 360
1238 3 0 453 445 454
1239 3 0 760 758 885
1240 3 0 526 527 528
1241 3 0 522 524 896
1242 3 0 895 785 904
1243 3 0 222 221 223
1244 3 0 351 601 883
1245 3 0 587 563 633
1246 3 0 552 522 896
1247 3 0 216 214 217
1248 3 0 318 397 920
1249 3 0 732 731 733
1250 3 0 606 902 914
1251 3 0 435 434 436
1252 3 0 606 891 902
1253 3 0 355 356 357
1254 3 0 916 535 920
1255 3 0 510 593 889
1256 3 0 220 221 222
1257 3 0 605 396 916
1258 3 0 214 212 890
1259 3 0 524 591 896
1260 3 0 596 398 598
1261 3 0 371 372 373
1262 3 0 294 313 903
1263 3 0 415 414 416
1264 3 0 357 356 358
1265 3 0 259 297 880
1266 3 0 534 866 902
1267 3 0 293 895 904
1268 3 0 477 573 897
1269 3 0 528 530 628
1270 3 0 220 219 221
1271 3 0 278 279 280
1272 3 0 555 610 613
1273 3 0 219 399 899
1274 3 0 106 107 167
1275 3 0 419 417 446
1276 3 0 218 219 220
1277 3 0 442 443 444
1278 3 0 387 388 558
1279 3 0 126 127 168
1280 3 0 480 364 894
1281 3 0 360 402 894
1282 3 0 252 221 899
1283 3 0 129 4 147
1284 3 0 311 312 355
1285 3 0 473 472 474
1286 3 0 607 924 933
1287 3 0 216 217 218
1288 3 0 281 597 918
1289 3 0 891 534 902
1290 3 0 211 210 212
1291 3 0 235 237 922
1292 3 0 213 212 214
1293 3 0 275 322 915
1294 3 0 218 217 219
1295 3 0 475 474 476
1296 3 0 387 558 567
1297 3 0 281 279 398
1298 3 0 297 309 310
1299 3 0 399 217 890
1300 3 0 355 312 356
1301 3 0 259 209 296
1302 3 0 579 857 911
1303 3 0 6 134 490
1304 3 0 364 360 894
1305 3 0 310 309 387
1306 3 0 104 195 692
1307 3 0 281 398 596
1308 3 0 311 310 312
1309 3 0 409 408 410
1310 3 0 567 558 637
1311 3 0 297 311 880
1312 3 0 407 406 408
1313 3 0 297 296 309
1314 3 0 607 887 924
1315 3 0 199 201 202
1316 3 0 440 432 913
1317 3 0 448 450 451
1318 3 0 140 139 161
1319 3 0 134 133 162
1320 3 0 484 477 897
1321 3 0 528 529 530
1322 3 0 217 214 890
1323 3 0 443 441 445
1324 3 0 259 296 297
1325 3 0 914 535 916
1326 3 0 718 714 907
1327 3 0 937 216 942
1328 3 0 221 219 899
1329 3 0 319 850 914
1330 3 0 380 588 590
1331 3 0 131 130 169
1332 3 0 278 276 279
1333 3 0 286 285 307
1334 3 0 484 897 898
1335 3 0 454 459 892
1336 3 0 280 279 281
1337 3 0 432 431 913
1338 3 0 285 283 298
1339 3 0 241 783 955
1340 3 0 137 136 170
1341 3 0 924 397 933
1342 3 0 561 563 587
1343 3 0 591 526 908
1344 3 0 371 304 372
1345 3 0 396 606 916
1346 3 0 530 529 531
1347 3 0 453 454 461
1348 3 0 628 530 653
1349 3 0 210 209 259
1350 3 0 540 539 543
1351 3 0 437 436 441
1352 3 0 622 543 643
1353 3 0 414 411 926
1354 3 0 443 445 453
1355 3 0 528 628 908
1356 3 0 590 621 654
1357 3 0 540 622 623
1358 3 0 138 7 171
1359 3 0 132 5 172
1360 3 0 459 484 892
1361 3 0 535 318 920
1362 3 0 556 548 557
1363 3 0 442 441 443
1364 3 0 400 312 906
1365 3 0 465 467 468
1366 3 0 259 880 909
1367 3 0 7 137 574
1368 3 0 461 454 892
1369 3 0 497 665 666
1370 3 0 586 615 644
1371 3 0 310 387 906
1372 3 0 526 528 908
1373 3 0 714 768 907
1374 3 0 558 559 912
1375 3 0 208 209 210
1376 3 0 312 310 906
1377 3 0 269 200 551
1378 3 0 586 585 615
1379 3 0 5 131 553
1380 3 0 462 450 539
1381 3 0 353 235 922
1382 3 0 387 567 906
1383 3 0 202 324 936
1384 3 0 448 444 450
1385 3 0 920 397 924
1386 3 0 479 629 630
1387 3 0 170 136 496
1388 3 0 373 372 380
1389 3 0 461 892 893
1390 3 0 606 914 916
1391 3 0 890 212 909
1392 3 0 212 210 909
1393 3 0 377 373 905
1394 3 0 210 259 909
1395 3 0 161 199 936
1396 3 0 531 548 556
1397 3 0 208 207 209
1398 3 0 390 403 404
1399 3 0 887 605 924
1400 3 0 156 979 980
1401 3 0 380 372 541
1402 3 0 563 975 978
1403 3 0 588 541 589
1404 3 0 594 161 936
1405 3 0 140 161 594
1406 3 0 207 205 271
1407 3 0 637 558 912
1408 3 0 206 207 208
1409 3 0 465 457 467
1410 3 0 462 539 540
1411 3 0 431 429 934
1412 3 0 540 543 622
1413 3 0 590 588 621
1414 3 0 479 467 542
1415 3 0 398 279 921
1416 3 0 416 571 572
1417 3 0 380 541 588
1418 3 0 623 622 664
1419 3 0 572 638 639
1420 3 0 410 624 625
1421 3 0 202 201 203
1422 3 0 161 139 198
1423 3 0 451 450 462
1424 3 0 280 281 918
1425 3 0 169 130 495
1426 3 0 380 590 905
1427 3 0 202 203 204
1428 3 0 411 410 926
1429 3 0 283 280 918
1430 3 0 425 423 940
1431 3 0 162 133 489
1432 3 0 905 655 932
1433 3 0 677 446 967
1434 3 0 215 216 937
1435 3 0 199 200 201
1436 3 0 484 898 929
1437 3 0 555 613 931
1438 3 0 571 414 926
1439 3 0 416 414 571
1440 3 0 643 157 1088
1441 3 0 390 379 403
1442 3 0 608 607 933
1443 3 0 298 283 918
1444 3 0 410 408 624
1445 3 0 406 404 620
1446 3 0 468 467 479
1447 3 0 609 921 937
1448 3 0 605 920 924
1449 3 0 206 205 207
1450 3 0 539 450 923
1451 3 0 470 468 917
1452 3 0 279 276 921
1453 3 0 341 339 945
1454 3 0 276 273 921
1455 3 0 204 205 206
1456 3 0 444 443 923
1457 3 0 269 551 554
1458 3 0 161 198 199
1459 3 0 474 472 482
1460 3 0 479 542 629
1461 3 0 610 564 611
1462 3 0 218 241 942
1463 3 0 373 380 905
1464 3 0 397 568 933
1465 3 0 199 198 200
1466 3 0 892 484 929
1467 3 0 639 638 656
1468 3 0 201 200 269
1469 3 0 296 209 925
1470 3 0 304 286 919
1471 3 0 845 436 938
1472 3 0 625 624 640
1473 3 0 788 602 957
1474 3 0 572 571 638
1475 3 0 555 564 610
1476 3 0 286 307 919
1477 3 0 98 99 958
1478 3 0 204 203 205
1479 3 0 439 421 941
1480 3 0 269 554 555
1481 3 0 450 444 923
1482 3 0 429 438 934
1483 3 0 609 937 942
1484 3 0 372 304 919
1485 3 0 562 888 972
1486 3 0 566 569 651
1487 3 0 566 495 569
1488 3 0 436 434 938
1489 3 0 419 446 941
1490 3 0 665 498 935
1491 3 0 209 207 925
1492 3 0 410 625 926
1493 3 0 443 453 923
1494 3 0 530 531 927
1495 3 0 893 892 929
1496 3 0 653 530 927
1497 3 0 548 547 960
1498 3 0 479 630 917
1499 3 0 555 554 564
1500 3 0 169 495 566
1501 3 0 457 451 928
1502 3 0 207 271 925
1503 3 0 128 0 194
1504 3 0 969 612 970
1505 3 0 468 479 917
1506 3 0 909 880 939
1507 3 0 451 462 928
1508 3 0 602 687 957
1509 3 0 541 372 919
1510 3 0 434 440 938
1511 3 0 220 222 951
1512 3 0 531 556 927
1513 3 0 880 852 939
1514 3 0 893 929 930
1515 3 0 379 377 932
1516 3 0 890 909 939
1517 3 0 273 215 937
1518 3 0 919 307 946
1519 3 0 199 202 936
1520 3 0 921 273 937
1521 3 0 543 539 944
1522 3 0 421 419 941
1523 3 0 467 457 928
1524 3 0 542 467 928
1525 3 0 423 439 940
1526 3 0 928 462 950
1527 3 0 377 905 932
1528 3 0 662 661 1022
1529 3 0 203 201 931
1530 3 0 399 890 939
1531 3 0 939 852 952
1532 3 0 540 623 950
1533 3 0 551 200 953
1534 3 0 612 368 943
1535 3 0 201 269 931
1536 3 0 314 504 971
1537 3 0 403 379 932
1538 3 0 216 218 942
1539 3 0 730 732 949
1540 3 0 399 939 952
1541 3 0 923 453 944
1542 3 0 541 919 946
1543 3 0 156 692 979
1544 3 0 539 923 944
1545 3 0 643 543 956
1546 3 0 349 341 945
1547 3 0 542 928 950
1548 3 0 269 555 931
1549 3 0 453 461 944
1550 3 0 386 669 1015
1551 3 0 101 102 966
1552 3 0 967 572 977
1553 3 0 543 944 956
1554 3 0 598 609 955
1555 3 0 852 544 952
1556 3 0 589 541 946
1557 3 0 241 220 951
1558 3 0 99 166 958
1559 3 0 929 898 947
1560 3 0 944 461 956
1561 3 0 783 782 974
1562 3 0 544 864 961
1563 3 0 596 598 954
1564 3 0 549 253 968
1565 3 0 687 688 957
1566 3 0 200 198 953
1567 3 0 462 540 950
1568 3 0 899 399 952
1569 3 0 367 612 969
1570 3 0 271 205 959
1571 3 0 942 241 955
1572 3 0 641 143 1103
1573 3 0 930 929 947
1574 3 0 961 864 963
1575 3 0 461 893 956
1576 3 0 446 417 967
1577 3 0 643 956 962
1578 3 0 504 784 970
1579 3 0 725 726 976
1580 3 0 547 762 960
1581 3 0 1003 717 1014
1582 3 0 931 613 959
1583 3 0 203 931 959
1584 3 0 952 544 961
1585 3 0 864 546 963
1586 3 0 609 942 955
1587 3 0 627 538 991
1588 3 0 546 849 964
1589 3 0 205 203 959
1590 3 0 899 952 961
1591 3 0 416 572 967
1592 3 0 562 972 975
1593 3 0 963 546 964
1594 3 0 956 893 962
1595 3 0 252 899 961
1596 3 0 252 961 963
1597 3 0 549 968 969
1598 3 0 964 849 965
1599 3 0 849 550 965
1600 3 0 893 930 962
1601 3 0 549 969 970
1602 3 0 886 252 963
1603 3 0 965 550 968
1604 3 0 677 967 977
1605 3 0 886 963 964
1606 3 0 598 955 974
1607 3 0 102 156 966
1608 3 0 292 886 964
1609 3 0 554 551 981
1610 3 0 292 964 965
1611 3 0 504 970 971
1612 3 0 872 292 965
1613 3 0 955 783 974
1614 3 0 271 959 972
1615 3 0 554 981 986
1616 3 0 872 965 968
1617 3 0 417 416 967
1618 3 0 550 367 969
1619 3 0 253 872 968
1620 3 0 784 549 970
1621 3 0 1011 174 1072
1622 3 0 818 384 1046
1623 3 0 155 25 985
1624 3 0 26 184 985
1625 3 0 802 801 983
1626 3 0 189 823 983
1627 3 0 959 613 972
1628 3 0 662 1022 1038
1629 3 0 968 550 969
1630 3 0 888 271 972
1631 3 0 557 977 980
1632 3 0 612 943 971
1633 3 0 349 765 1076
1634 3 0 970 612 971
1635 3 0 557 677 977
1636 3 0 349 1084 1089
1637 3 0 455 725 976
1638 3 0 918 597 984
1639 3 0 153 661 1012
1640 3 0 613 610 975
1641 3 0 629 542 982
1642 3 0 977 639 980
1643 3 0 369 812 1071
1644 3 0 584 634 1019
1645 3 0 717 718 1014
1646 3 0 954 598 974
1647 3 0 564 554 986
1648 3 0 975 610 978
1649 3 0 572 639 977
1650 3 0 972 613 975
1651 3 0 908 628 1105
1652 3 0 349 945 1084
1653 3 0 610 611 978
1654 3 0 764 723 1110
1655 3 0 950 623 982
1656 3 0 802 983 1087
1657 3 0 155 740 1114
1658 3 0 121 876 1039
1659 3 0 556 557 979
1660 3 0 573 877 1010
1661 3 0 854 584 993
1662 3 0 552 896 992
1663 3 0 839 819 997
1664 3 0 164 13 1000
1665 3 0 188 39 995
1666 3 0 40 153 995
1667 3 0 836 847 996
1668 3 0 64 65 996
1669 3 0 47 48 997
1670 3 0 823 822 998
1671 3 0 158 825 998
1672 3 0 979 692 990
1673 3 0 368 366 999
1674 3 0 545 636 1104
1675 3 0 737 736 1001
1676 3 0 1005 858 1095
1677 3 0 661 153 1022
1678 3 0 726 449 1001
1679 3 0 645 475 981
1680 3 0 152 492 989
1681 3 0 943 368 991
1682 3 0 992 896 1037
1683 3 0 748 746 1004
1684 3 0 801 189 983
1685 3 0 979 557 980
1686 3 0 593 635 1002
1687 3 0 587 740 1027
1688 3 0 981 475 986
1689 3 0 542 950 982
1690 3 0 628 988 1105
1691 3 0 875 889 1002
1692 3 0 983 608 1087
1693 3 0 298 918 984
1694 3 0 285 298 1003
1695 3 0 25 26 985
1696 3 0 826 838 1005
1697 3 0 668 144 1020
1698 3 0 620 1075 1093
1699 3 0 556 979 990
1700 3 0 15 174 1011
1701 3 0 538 943 991
1702 3 0 1046 662 1085
1703 3 0 692 195 990
1704 3 0 1014 718 1031
1705 3 0 475 476 986
1706 3 0 650 580 987
1707 3 0 906 567 1008
1708 3 0 661 576 1012
1709 3 0 578 650 1012
1710 3 0 384 815 1050
1711 3 0 1007 635 1100
1712 3 0 633 978 994
1713 3 0 502 674 1090
1714 3 0 823 581 1092
1715 3 0 777 766 1089
1716 3 0 771 770 1017
1717 3 0 492 586 989
1718 3 0 187 641 1103
1719 3 0 777 772 1017
1720 3 0 718 748 1031
1721 3 0 329 391 1016
1722 3 0 401 331 1016
1723 3 0 400 700 1023
1724 3 0 911 386 1015
1725 3 0 630 1011 1072
1726 3 0 144 37 1020
1727 3 0 38 188 1020
1728 3 0 927 556 990
1729 3 0 803 568 1043
1730 3 0 153 41 1022
1731 3 0 664 11 1062
1732 3 0 163 90 1026
1733 3 0 402 358 1023
1734 3 0 947 168 1025
1735 3 0 301 300 1024
1736 3 0 356 400 1023
1737 3 0 648 552 992
1738 3 0 770 141 1033
1739 3 0 634 843 1019
1740 3 0 391 854 993
1741 3 0 843 190 1019
1742 3 0 585 592 1021
1743 3 0 723 766 1033
1744 3 0 39 40 995
1745 3 0 847 64 996
1746 3 0 48 839 997
1747 3 0 721 764 1110
1748 3 0 962 930 1045
1749 3 0 792 790 1029
1750 3 0 912 559 1027
1751 3 0 780 781 1029
1752 3 0 561 587 1027
1753 3 0 150 992 1037
1754 3 0 740 739 1114
1755 3 0 722 723 1033
1756 3 0 728 729 1042
1757 3 0 822 158 998
1758 3 0 463 660 1113
1759 3 0 470 917 1028
1760 3 0 482 472 1028
1761 3 0 797 791 1036
1762 3 0 655 695 1061
1763 3 0 978 611 994
1764 3 0 735 734 1042
1765 3 0 366 480 999
1766 3 0 703 744 1065
1767 3 0 13 14 1000
1768 3 0 700 699 1040
1769 3 0 175 648 1099
1770 3 0 43 177 1038
1771 3 0 92 173 1041
1772 3 0 595 370 1066
1773 3 0 619 786 1013
1774 3 0 611 564 1080
1775 3 0 392 485 1043
1776 3 0 653 927 1034
1777 3 0 949 611 1080
1778 3 0 333 401 1044
1779 3 0 157 643 1098
1780 3 0 449 737 1001
1781 3 0 488 662 1046
1782 3 0 384 382 1046
1783 3 0 317 305 1047
1784 3 0 813 369 1050
1785 3 0 987 580 1015
1786 3 0 177 44 1051
1787 3 0 45 196 1051
1788 3 0 68 178 1052
1789 3 0 197 67 1052
1790 3 0 702 703 1053
1791 3 0 490 493 1058
1792 3 0 491 490 1058
1793 3 0 588 589 1048
1794 3 0 545 690 1090
1795 3 0 889 593 1002
1796 3 0 143 641 1073
1797 3 0 1000 14 1011
1798 3 0 635 619 1100
1799 3 0 11 12 1062
1800 3 0 649 175 1035
1801 3 0 1009 150 1037
1802 3 0 973 653 1034
1803 3 0 307 285 1003
1804 3 0 732 733 1091
1805 3 0 705 463 1113
1806 3 0 178 840 1064
1807 3 0 746 163 1004
1808 3 0 696 455 1068
1809 3 0 632 1049 1102
1810 3 0 474 482 1056
1811 3 0 376 659 1077
1812 3 0 1001 736 1094
1813 3 0 945 339 1070
1814 3 0 689 483 1102
1815 3 0 659 378 1081
1816 3 0 586 644 1059
1817 3 0 370 371 1077
1818 3 0 1065 744 1079
1819 3 0 336 335 1070
1820 3 0 302 369 1071
1821 3 0 305 274 1071
1822 3 0 487 680 1086
1823 3 0 776 945 1070
1824 3 0 739 23 1114
1825 3 0 24 155 1114
1826 3 0 591 908 1032
1827 3 0 343 349 1076
1828 3 0 825 826 1005
1829 3 0 148 117 1007
1830 3 0 149 123 1006
1831 3 0 110 150 1009
1832 3 0 171 953 1107
1833 3 0 117 118 1007
1834 3 0 123 124 1006
1835 3 0 109 110 1009
1836 3 0 124 193 1006
1837 3 0 635 1007 1057
1838 3 0 192 109 1009
1839 3 0 776 774 1084
1840 3 0 46 1 1082
1841 3 0 1 47 1082
1842 3 0 2 66 1083
1843 3 0 65 2 1083
1844 3 0 400 906 1008
1845 3 0 723 712 1110
1846 3 0 130 129 1106
1847 3 0 1032 1009 1037
1848 3 0 620 404 1075
1849 3 0 147 658 1106
1850 3 0 139 138 1107
1851 3 0 143 33 1103
1852 3 0 34 187 1103
1853 3 0 495 130 1106
1854 3 0 581 481 1092
1855 3 0 901 721 1110
1856 3 0 945 776 1084
1857 3 0 198 139 1107
1858 3 0 622 643 1088
1859 3 0 932 655 1061
1860 3 0 897 573 1010
1861 3 0 4 140 1109
1862 3 0 933 568 1087
1863 3 0 140 594 1109
1864 3 0 993 797 1036
1865 3 0 14 15 1011
1866 3 0 576 578 1012
1867 3 0 493 617 1018
1868 3 0 726 1001 1101
1869 3 0 307 1003 1014
1870 3 0 494 570 1101
1871 3 0 616 553 1063
1872 3 0 553 618 1063
1873 3 0 724 447 1054
1874 3 0 675 644 1054
1875 3 0 786 683 1013
1876 3 0 994 732 1091
1877 3 0 496 989 1059
1878 3 0 168 127 1025
1879 3 0 648 992 1060
1880 3 0 729 730 1078
1881 3 0 1073 642 1079
1882 3 0 825 1005 1095
1883 3 0 128 194 1025
1884 3 0 644 615 1054
1885 3 0 175 114 1035
1886 3 0 369 320 1050
1887 3 0 120 121 1039
1888 3 0 764 345 1076
1889 3 0 580 911 1015
1890 3 0 805 803 1043
1891 3 0 765 349 1089
1892 3 0 1053 703 1065
1893 3 0 772 771 1017
1894 3 0 331 329 1016
1895 3 0 946 307 1014
1896 3 0 818 1046 1085
1897 3 0 592 1001 1094
1898 3 0 589 1004 1048
1899 3 0 190 797 1019
1900 3 0 135 152 1111
1901 3 0 766 765 1089
1902 3 0 1075 694 1093
1903 3 0 686 147 1109
1904 3 0 37 38 1020
1905 3 0 119 176 1057
1906 3 0 679 575 1030
1907 3 0 150 111 1060
1908 3 0 41 42 1022
1909 3 0 136 135 1111
1910 3 0 615 585 1021
1911 3 0 809 485 1047
1912 3 0 496 136 1111
1913 3 0 358 356 1023
1914 3 0 391 993 1036
1915 3 0 300 323 1024
1916 3 0 483 679 1030
1917 3 0 976 570 1018
1918 3 0 765 764 1076
1919 3 0 127 128 1025
1920 3 0 781 775 1067
1921 3 0 90 91 1026
1922 3 0 147 4 1109
1923 3 0 946 1014 1031
1924 3 0 1001 592 1101
1925 3 0 129 147 1106
1926 3 0 138 171 1107
1927 3 0 113 175 1099
1928 3 0 183 663 1093
1929 3 0 193 125 1097
1930 3 0 126 168 1097
1931 3 0 948 193 1097
1932 3 0 168 948 1097
1933 3 0 559 561 1027
1934 3 0 1022 42 1038
1935 3 0 917 630 1072
1936 3 0 472 470 1028
1937 3 0 648 1060 1099
1938 3 0 684 649 1035
1939 3 0 141 722 1033
1940 3 0 790 780 1029
1941 3 0 152 989 1111
1942 3 0 642 999 1079
1943 3 0 1026 91 1041
1944 3 0 114 115 1035
1945 3 0 844 835 1064
1946 3 0 589 946 1031
1947 3 0 812 809 1047
1948 3 0 791 792 1036
1949 3 0 320 384 1050
1950 3 0 42 43 1038
1951 3 0 176 120 1039
1952 3 0 896 591 1037
1953 3 0 699 702 1040
1954 3 0 992 150 1060
1955 3 0 734 728 1042
1956 3 0 91 92 1041
1957 3 0 894 402 1053
1958 3 0 674 489 1055
1959 3 0 633 994 1091
1960 3 0 835 846 1064
1961 3 0 8 745 1108
1962 3 0 986 476 1080
1963 3 0 568 392 1043
1964 3 0 1038 177 1085
1965 3 0 983 823 1092
1966 3 0 775 776 1067
1967 3 0 990 195 1034
1968 3 0 1004 163 1048
1969 3 0 869 834 1069
1970 3 0 195 3 1096
1971 3 0 335 333 1044
1972 3 0 570 491 1058
1973 3 0 3 105 1096
1974 3 0 382 488 1046
1975 3 0 569 680 1066
1976 3 0 646 614 1049
1977 3 0 485 317 1047
1978 3 0 815 813 1050
1979 3 0 621 588 1048
1980 3 0 1007 118 1057
1981 3 0 927 990 1034
1982 3 0 447 675 1054
1983 3 0 44 45 1051
1984 3 0 67 68 1052
1985 3 0 651 569 1066
1986 3 0 660 463 1074
1987 3 0 636 616 1104
1988 3 0 132 172 1055
1989 3 0 118 119 1057
1990 3 0 476 474 1056
1991 3 0 1005 838 1112
1992 3 0 834 835 1069
1993 3 0 838 833 1112
1994 3 0 608 983 1092
1995 3 0 111 112 1060
1996 3 0 641 642 1073
1997 3 0 12 164 1062
1998 3 0 680 595 1066
1999 3 0 1056 729 1078
2000 3 0 840 844 1064
2001 3 0 192 1009 1032
2002 3 0 403 932 1061
2003 3 0 480 894 1065
2004 3 0 858 581 1095
2005 3 0 989 496 1111
2006 3 0 1049 614 1102
2007 3 0 594 686 1109
2008 3 0 403 1061 1075
2009 3 0 583 869 1069
2010 3 0 996 65 1083
2011 3 0 47 997 1082
2012 3 0 174 735 1072
2013 3 0 339 336 1070
2014 3 0 274 302 1071
2015 3 0 463 696 1074
2016 3 0 1084 777 1089
2017 3 0 744 143 1073
2018 3 0 371 376 1077
2019 3 0 345 343 1076
2020 3 0 0 8 1108
2021 3 0 404 403 1075
2022 3 0 1063 618 1081
2023 3 0 591 1032 1037
2024 3 0 730 949 1078
2025 3 0 480 1065 1079
2026 3 0 378 389 1081
2027 3 0 455 976 1068
2028 3 0 745 157 1098
2029 3 0 736 452 1094
2030 3 0 989 586 1059
2031 3 0 196 46 1082
2032 3 0 66 197 1083
2033 3 0 194 0 1108
2034 3 0 744 1073 1079
2035 3 0 733 165 1091
2036 3 0 774 777 1084
2037 3 0 685 487 1086
2038 3 0 564 986 1080
2039 3 0 1044 781 1067
2040 3 0 690 502 1090
2041 3 0 894 1053 1065
2042 3 0 664 622 1088
2043 3 0 608 933 1087
2044 3 0 1021 592 1094
2045 3 0 694 183 1093
2046 3 0 998 825 1095
2047 3 0 481 608 1092
2048 3 0 614 689 1102
2049 3 0 125 126 1097
2050 3 0 501 705 1113
2051 3 0 691 545 1104
2052 3 0 112 113 1099
2053 3 0 33 34 1103
2054 3 0 592 494 1101
2055 3 0 658 495 1106
2056 3 0 323 1005 1112
2057 3 0 1018 570 1058
2058 3 0 712 901 1110
2059 3 0 23 24 1114
2060 3 0 581 998 1095
2061 3 0 953 198 1107
2062 3 0 643 962 1098
2063 3 0 197 996 1083
2064 3 0 997 196 1082
2065 3 0 105 973 1096
2066 3 0 402 1040 1053
2067 3 0 745 1045 1108
2068 3 0 1018 617 1068
2069 3 0 493 1018 1058
2070 3 0 1060 112 1099
2071 3 0 833 1024 1112
2072 3 0 1032 908 1105
2073 3 0 662 1038 1085
2074 3 0 999 480 1079
2075 3 0 619 1013 1100
2076 3 0 1040 702 1053
2077 3 0 148 1007 1100
2078 3 0 988 192 1105
2079 3 0 976 1018 1068
2080 3 0 1034 195 1096
2081 3 0 1013 148 1100
2082 3 0 973 1034 1096
2083 3 0 452 1021 1094
2084 3 0 335 1044 1067
2085 3 0 476 1056 1078
2086 3 0 192 1032 1105
2087 3 0 1024 323 1112
2088 3 0 1045 194 1108
