0 3 0 1239 446 1666
1 3 0 1224 344 1504
2 3 0 344 1224 1503
3 3 0 678 1729 1752
4 3 0 273 274 1346
5 3 0 973 1705 1731
6 3 0 1504 461 2101
7 3 0 1568 799 2138
8 3 0 416 1640 1690
9 3 0 1391 1384 1803
10 3 0 391 1386 1388
11 3 0 425 1318 1333
12 3 0 252 253 1389
13 3 0 1722 1201 2124
14 3 0 709 711 1520
15 3 0 450 1648 1686
16 3 0 409 1236 1970
17 3 0 458 1272 1273
18 3 0 1245 1131 1319
19 3 0 1192 953 1559
20 3 0 1590 1019 2155
21 3 0 1625 459 2014
22 3 0 953 1070 1559
23 3 0 425 1333 1964
24 3 0 426 1248 1250
25 3 0 396 178 1298
26 3 0 1457 836 1458
27 3 0 427 169 1285
28 3 0 1726 1020 1729
29 3 0 1648 450 2029
30 3 0 1386 391 1387
31 3 0 1731 1705 1942
32 3 0 458 1273 1274
33 3 0 1008 899 1306
34 3 0 1020 1726 1728
35 3 0 1808 1494 2000
36 3 0 1733 1016 1763
37 3 0 1640 416 1739
38 3 0 739 750 1481
39 3 0 1019 1590 1630
40 3 0 696 697 1586
41 3 0 1684 419 1926
42 3 0 1756 412 2024
43 3 0 1926 419 2089
44 3 0 1713 1844 1965
45 3 0 1518 753 1521
46 3 0 1201 1722 1980
47 3 0 1604 1605 1606
48 3 0 1355 1354 1593
49 3 0 463 1233 1305
50 3 0 799 1568 1888
51 3 0 204 205 1339
52 3 0 1673 1133 1800
53 3 0 1054 1535 1913
54 3 0 205 379 1339
55 3 0 169 170 1285
56 3 0 1235 440 1594
57 3 0 1268 455 1270
58 3 0 1199 1746 2031
59 3 0 1627 1625 2014
60 3 0 433 1244 1652
61 3 0 1133 1673 1799
62 3 0 1660 429 1662
63 3 0 1593 1354 2006
64 3 0 1505 1504 2101
65 3 0 178 179 1298
66 3 0 1242 1243 1748
67 3 0 1199 1756 2024
68 3 0 932 954 1505
69 3 0 974 1575 1576
70 3 0 366 273 1346
71 3 0 1494 1496 2000
72 3 0 442 1256 1601
73 3 0 1232 385 1687
74 3 0 753 1518 2016
75 3 0 1036 1037 1800
76 3 0 1712 1122 1714
77 3 0 1573 922 1817
78 3 0 1246 400 1282
79 3 0 1096 1321 1322
80 3 0 1458 836 2025
81 3 0 1233 463 1304
82 3 0 1218 2032 2043
83 3 0 1378 454 1958
84 3 0 694 1391 1803
85 3 0 1392 1389 2175
86 3 0 922 2007 2138
87 3 0 1109 1199 2031
88 3 0 624 919 1372
89 3 0 1242 1748 2044
90 3 0 440 1235 1606
91 3 0 2007 1567 2138
92 3 0 951 1260 1261
93 3 0 1167 1846 1900
94 3 0 446 1239 1667
95 3 0 1055 1496 2028
96 3 0 678 911 1729
97 3 0 1729 1020 1752
98 3 0 1256 442 1602
99 3 0 252 1389 1392
100 3 0 1552 1145 1553
101 3 0 105 106 1275
102 3 0 776 709 1520
103 3 0 1390 867 1607
104 3 0 2052 1531 2079
105 3 0 400 1246 1281
106 3 0 904 1664 2087
107 3 0 1236 1139 1970
108 3 0 1107 1078 1282
109 3 0 1211 1733 1763
110 3 0 1172 1936 2049
111 3 0 919 1291 1372
112 3 0 347 105 1275
113 3 0 1244 433 1750
114 3 0 697 790 1586
115 3 0 1131 1245 1343
116 3 0 1096 1320 1321
117 3 0 1240 1239 1666
118 3 0 1844 914 1965
119 3 0 899 898 1306
120 3 0 401 1274 2083
121 3 0 1567 1568 2138
122 3 0 1068 907 1262
123 3 0 1986 1651 2132
124 3 0 731 739 1481
125 3 0 1337 1083 1778
126 3 0 1374 444 1671
127 3 0 1585 1590 2155
128 3 0 1234 350 1814
129 3 0 253 391 1389
130 3 0 1099 1172 2049
131 3 0 1386 1384 1391
132 3 0 1354 408 2006
133 3 0 1605 1604 1982
134 3 0 1389 1390 2175
135 3 0 1546 355 1811
136 3 0 1723 598 2092
137 3 0 867 1390 2017
138 3 0 119 120 1271
139 3 0 429 1660 2131
140 3 0 598 1723 2124
141 3 0 1287 351 1963
142 3 0 2021 1194 2125
143 3 0 922 1573 2007
144 3 0 1375 920 1461
145 3 0 1726 1729 2145
146 3 0 711 773 1520
147 3 0 1295 396 1298
148 3 0 1727 1726 2145
149 3 0 408 1354 2105
150 3 0 1232 1687 1688
151 3 0 426 1250 1961
152 3 0 1283 427 1285
153 3 0 1210 1699 2083
154 3 0 1260 951 1263
155 3 0 1270 455 1953
156 3 0 1230 349 2084
157 3 0 1257 1095 1278
158 3 0 2032 377 2043
159 3 0 1496 1497 2028
160 3 0 120 349 1271
161 3 0 349 1230 2207
162 3 0 1346 274 2114
163 3 0 351 1287 2070
164 3 0 371 2021 2125
165 3 0 1363 439 1499
166 3 0 1699 401 2083
167 3 0 950 1120 1263
168 3 0 1097 1336 2019
169 3 0 82 83 1618
170 3 0 1233 1008 1306
171 3 0 1307 541 1897
172 3 0 1518 773 2016
173 3 0 1277 330 2086
174 3 0 1094 2052 2079
175 3 0 1322 1321 1910
176 3 0 1669 1633 1670
177 3 0 145 146 1656
178 3 0 330 1277 2139
179 3 0 468 1241 1379
180 3 0 951 1261 1262
181 3 0 1078 1246 1282
182 3 0 1374 1671 1962
183 3 0 1274 1336 2083
184 3 0 1735 1209 2182
185 3 0 1325 952 1326
186 3 0 1128 1016 1733
187 3 0 1072 932 1505
188 3 0 696 1586 1587
189 3 0 773 1518 2147
190 3 0 1535 1537 1913
191 3 0 2020 176 2091
192 3 0 1145 1552 1554
193 3 0 1333 1335 1964
194 3 0 974 1576 2110
195 3 0 626 1372 1373
196 3 0 1070 1557 1559
197 3 0 1270 1953 2099
198 3 0 1294 1703 1865
199 3 0 626 1373 1461
200 3 0 1262 1307 1897
201 3 0 1453 1598 1999
202 3 0 1005 1228 1464
203 3 0 2026 388 2103
204 3 0 1089 1005 1464
205 3 0 1229 1523 2093
206 3 0 1714 1122 2115
207 3 0 1373 1375 1461
208 3 0 954 1224 1505
209 3 0 469 1986 2132
210 3 0 1037 1628 1800
211 3 0 350 1234 2064
212 3 0 1377 1378 1958
213 3 0 1133 1036 1800
214 3 0 1336 1337 2019
215 3 0 1363 1499 2061
216 3 0 1335 430 2072
217 3 0 742 1482 2058
218 3 0 355 1546 1975
219 3 0 1248 426 2128
220 3 0 2037 318 2060
221 3 0 904 2087 2088
222 3 0 907 951 1262
223 3 0 83 402 1618
224 3 0 1964 1335 2072
225 3 0 2011 1279 2022
226 3 0 1339 379 1340
227 3 0 1693 1162 2235
228 3 0 2004 41 2090
229 3 0 2035 566 2038
230 3 0 1209 1735 2023
231 3 0 1636 1697 1698
232 3 0 1846 1311 1900
233 3 0 1523 1229 2140
234 3 0 1307 2035 2038
235 3 0 1535 1054 2159
236 3 0 1697 1636 2239
237 3 0 1031 1678 1789
238 3 0 1319 1131 2142
239 3 0 1303 2011 2022
240 3 0 430 1335 2117
241 3 0 1590 411 1630
242 3 0 951 950 1263
243 3 0 1641 1640 1739
244 3 0 1026 2001 2085
245 3 0 1241 468 2047
246 3 0 928 2065 2104
247 3 0 804 1337 1778
248 3 0 1322 1910 2096
249 3 0 1291 919 1361
250 3 0 626 624 1372
251 3 0 2018 277 2054
252 3 0 1657 448 1659
253 3 0 1258 201 2032
254 3 0 1953 1747 2099
255 3 0 1167 1900 2100
256 3 0 1087 1381 1393
257 3 0 1690 1640 2144
258 3 0 1481 750 2195
259 3 0 454 1378 2183
260 3 0 391 254 1387
261 3 0 1723 1722 2124
262 3 0 1266 354 2163
263 3 0 979 1020 1728
264 3 0 145 1656 2180
265 3 0 803 2050 2155
266 3 0 1263 1120 1271
267 3 0 1194 1532 2218
268 3 0 1323 842 1325
269 3 0 1272 458 1369
270 3 0 1200 1201 1980
271 3 0 1087 1393 2134
272 3 0 1236 409 2156
273 3 0 1532 1194 2021
274 3 0 876 1994 2063
275 3 0 1659 448 1660
276 3 0 344 1503 1506
277 3 0 373 1328 2060
278 3 0 1029 1361 1783
279 3 0 1271 349 2207
280 3 0 1240 1658 1665
281 3 0 1095 1257 2150
282 3 0 1273 1083 1337
283 3 0 1990 1181 2041
284 3 0 1101 1744 1745
285 3 0 1347 370 1955
286 3 0 1604 1606 2055
287 3 0 254 255 1387
288 3 0 450 1281 2029
289 3 0 1317 2020 2091
290 3 0 831 1322 2096
291 3 0 110 111 1603
292 3 0 201 1258 2237
293 3 0 1990 2041 2158
294 3 0 1662 429 1663
295 3 0 1482 1484 2058
296 3 0 939 1743 2109
297 3 0 99 100 1554
298 3 0 1186 1501 1949
299 3 0 1030 1694 2235
300 3 0 1068 1262 1897
301 3 0 1987 937 2027
302 3 0 1206 2026 2103
303 3 0 1635 1672 2239
304 3 0 1652 1244 2171
305 3 0 1703 1294 2097
306 3 0 1322 831 2151
307 3 0 447 1242 2044
308 3 0 1332 1316 1922
309 3 0 1312 1297 1925
310 3 0 1719 1796 2257
311 3 0 1743 939 2149
312 3 0 385 1232 2223
313 3 0 1288 384 1289
314 3 0 1197 979 1728
315 3 0 453 1293 1736
316 3 0 1694 1030 2120
317 3 0 1833 1195 1938
318 3 0 1304 351 2070
319 3 0 1633 1669 1993
320 3 0 1162 1693 1997
321 3 0 1393 2133 2134
322 3 0 1123 1651 1986
323 3 0 1263 1271 2207
324 3 0 1672 1635 2121
325 3 0 1719 933 1796
326 3 0 1838 799 1888
327 3 0 1332 874 1334
328 3 0 1312 569 1314
329 3 0 1951 1412 1956
330 3 0 952 1325 2137
331 3 0 66 67 1369
332 3 0 2145 1764 2146
333 3 0 1415 558 1416
334 3 0 365 1951 1956
335 3 0 1127 1288 1289
336 3 0 1415 1153 1902
337 3 0 452 1280 1308
338 3 0 370 1347 2114
339 3 0 271 1267 2163
340 3 0 1281 450 2153
341 3 0 1200 1980 2113
342 3 0 1235 1066 1606
343 3 0 2005 895 2076
344 3 0 1727 2145 2146
345 3 0 1267 271 2107
346 3 0 1330 2037 2060
347 3 0 1334 874 1342
348 3 0 1314 569 1331
349 3 0 1602 1603 1604
350 3 0 2050 1585 2155
351 3 0 1127 1289 1361
352 3 0 354 1266 2081
353 3 0 874 1332 1922
354 3 0 569 1312 1925
355 3 0 1235 1594 2167
356 3 0 1575 974 1983
357 3 0 1694 1693 2235
358 3 0 558 1415 1902
359 3 0 1388 1386 1391
360 3 0 1636 1635 2239
361 3 0 391 1388 1389
362 3 0 1416 558 1417
363 3 0 1242 447 2182
364 3 0 1598 929 1999
365 3 0 1714 454 2183
366 3 0 1217 2004 2090
367 3 0 1678 928 1789
368 3 0 1031 1202 1678
369 3 0 351 1304 2162
370 3 0 264 265 1506
371 3 0 1598 1453 2190
372 3 0 1705 973 1985
373 3 0 1224 1504 1505
374 3 0 505 503 1427
375 3 0 1275 106 1969
376 3 0 1433 1435 1960
377 3 0 1195 1833 2196
378 3 0 1202 1676 1678
379 3 0 1122 1712 1984
380 3 0 455 1268 2170
381 3 0 1989 249 2012
382 3 0 1658 1240 1666
383 3 0 2001 1738 2085
384 3 0 1797 1720 2257
385 3 0 1301 2018 2054
386 3 0 1192 1559 2160
387 3 0 1844 1713 2183
388 3 0 119 1271 1957
389 3 0 1935 1407 1940
390 3 0 1413 1412 1945
391 3 0 1326 952 1327
392 3 0 1305 1233 1306
393 3 0 1358 1527 1968
394 3 0 368 1935 1940
395 3 0 1664 904 2200
396 3 0 1992 445 1996
397 3 0 1720 1797 2135
398 3 0 1265 382 2111
399 3 0 1001 999 1428
400 3 0 1345 366 1346
401 3 0 1177 1244 1750
402 3 0 1274 1273 1336
403 3 0 1945 1412 1951
404 3 0 1501 1186 2128
405 3 0 1519 776 1520
406 3 0 1361 919 1783
407 3 0 1029 1127 1361
408 3 0 1422 365 1956
409 3 0 1425 1343 1931
410 3 0 1499 347 2061
411 3 0 100 353 1554
412 3 0 442 110 1603
413 3 0 111 971 1603
414 3 0 1552 99 1554
415 3 0 1316 1331 1922
416 3 0 434 1264 2190
417 3 0 1720 1719 2257
418 3 0 1601 1256 2189
419 3 0 1067 1423 1866
420 3 0 1838 1888 2066
421 3 0 1413 368 1940
422 3 0 620 1948 2003
423 3 0 1597 355 1975
424 3 0 1279 1140 1994
425 3 0 365 1422 1966
426 3 0 1297 1417 1925
427 3 0 1654 1655 1666
428 3 0 1408 394 1914
429 3 0 1257 1081 1402
430 3 0 1399 406 1873
431 3 0 458 66 1369
432 3 0 67 403 1369
433 3 0 499 497 1417
434 3 0 382 1265 2173
435 3 0 544 505 1427
436 3 0 204 1339 2168
437 3 0 1067 1359 1423
438 3 0 752 1364 1542
439 3 0 468 1350 2047
440 3 0 1994 1140 2063
441 3 0 1408 1407 1933
442 3 0 544 1426 1428
443 3 0 1190 1339 1340
444 3 0 630 627 1461
445 3 0 1124 1544 1878
446 3 0 913 1311 1846
447 3 0 558 499 1417
448 3 0 1426 544 1427
449 3 0 251 252 1392
450 3 0 392 251 1392
451 3 0 1316 1314 1331
452 3 0 1375 1374 1962
453 3 0 1602 442 1603
454 3 0 1933 1407 1935
455 3 0 1289 1291 1361
456 3 0 1101 1745 2026
457 3 0 1262 1261 1307
458 3 0 752 740 1954
459 3 0 2133 393 2134
460 3 0 364 1276 2086
461 3 0 1089 1464 1952
462 3 0 1364 1159 1542
463 3 0 1542 1159 1857
464 3 0 1909 1398 1914
465 3 0 368 1413 1945
466 3 0 2065 1681 2104
467 3 0 1140 1279 2011
468 3 0 447 1735 2182
469 3 0 265 344 1506
470 3 0 462 264 1506
471 3 0 1159 937 1857
472 3 0 394 1909 1914
473 3 0 396 1295 1991
474 3 0 493 491 1331
475 3 0 569 493 1331
476 3 0 1124 1442 1544
477 3 0 1553 1145 2199
478 3 0 1400 1399 1873
479 3 0 1743 1744 2109
480 3 0 1153 1427 1902
481 3 0 1426 1001 1428
482 3 0 1280 452 2039
483 3 0 397 1299 2054
484 3 0 1423 481 1866
485 3 0 1442 536 1544
486 3 0 1264 434 2127
487 3 0 1340 379 1341
488 3 0 999 1124 1428
489 3 0 1297 1416 1417
490 3 0 1107 1282 2045
491 3 0 1343 1245 1931
492 3 0 1309 1175 2246
493 3 0 1172 2005 2076
494 3 0 2033 451 2045
495 3 0 2061 347 2194
496 3 0 394 1408 1933
497 3 0 452 1308 1309
498 3 0 1179 1434 1436
499 3 0 1228 1229 2093
500 3 0 1688 1687 1689
501 3 0 1427 503 1902
502 3 0 1276 364 2215
503 3 0 1527 1284 1968
504 3 0 1328 1330 2060
505 3 0 1428 1124 1878
506 3 0 1604 971 1982
507 3 0 1179 1436 1449
508 3 0 878 880 1424
509 3 0 487 485 1342
510 3 0 1359 1067 1424
511 3 0 874 487 1342
512 3 0 1659 1660 1661
513 3 0 536 1442 1443
514 3 0 1769 1209 2023
515 3 0 1399 1398 1904
516 3 0 1655 1658 1666
517 3 0 877 1536 2159
518 3 0 82 1618 2217
519 3 0 446 1654 1666
520 3 0 30 31 1549
521 3 0 444 1374 2185
522 3 0 1659 1661 1665
523 3 0 1536 877 2143
524 3 0 1618 402 1944
525 3 0 140 141 1667
526 3 0 1190 1340 1813
527 3 0 627 626 1461
528 3 0 920 630 1461
529 3 0 1043 1400 1873
530 3 0 423 1627 2014
531 3 0 1597 1975 2079
532 3 0 1636 1698 1948
533 3 0 1670 1633 2220
534 3 0 1232 1688 1921
535 3 0 1673 1800 2191
536 3 0 1904 1398 1909
537 3 0 1289 384 1290
538 3 0 1212 1691 2078
539 3 0 1335 1334 1979
540 3 0 1364 752 1954
541 3 0 1175 1309 2102
542 3 0 1197 1989 2012
543 3 0 1960 1435 2238
544 3 0 836 1457 2126
545 3 0 1240 1665 1995
546 3 0 1348 926 1366
547 3 0 1557 1070 1987
548 3 0 515 513 1444
549 3 0 1436 786 1449
550 3 0 1218 1258 2032
551 3 0 1181 1180 2041
552 3 0 566 1303 2022
553 3 0 1256 1602 1971
554 3 0 1400 1043 1445
555 3 0 162 6 1350
556 3 0 1389 1388 1390
557 3 0 536 1443 1444
558 3 0 920 1375 2036
559 3 0 406 1399 1904
560 3 0 1857 937 1987
561 3 0 884 1352 1446
562 3 0 463 1305 2009
563 3 0 1303 566 2035
564 3 0 1351 978 1529
565 3 0 1341 1992 1996
566 3 0 1818 350 2064
567 3 0 764 1425 1931
568 3 0 50 51 1734
569 3 0 1067 878 1424
570 3 0 515 1444 1862
571 3 0 783 786 1881
572 3 0 1496 1055 2000
573 3 0 1348 1366 1809
574 3 0 31 398 1549
575 3 0 513 536 1444
576 3 0 914 1707 1965
577 3 0 517 515 1862
578 3 0 978 1351 1530
579 3 0 764 1349 1928
580 3 0 1602 1604 2055
581 3 0 1477 1568 1569
582 3 0 1138 1439 1819
583 3 0 2109 1744 2249
584 3 0 880 884 1424
585 3 0 1523 1522 1548
586 3 0 1132 1489 1490
587 3 0 978 866 1529
588 3 0 1522 360 1548
589 3 0 1336 1273 1337
590 3 0 1819 545 1905
591 3 0 2047 1350 2174
592 3 0 1732 1128 1733
593 3 0 1397 1406 1408
594 3 0 786 1436 1881
595 3 0 441 1576 2062
596 3 0 1548 30 1549
597 3 0 423 1673 2191
598 3 0 1326 1327 1328
599 3 0 476 1043 1360
600 3 0 427 1283 2013
601 3 0 1285 170 2205
602 3 0 716 764 1928
603 3 0 1309 1308 1946
604 3 0 1568 1477 1888
605 3 0 1691 1212 2236
606 3 0 1448 1824 1896
607 3 0 374 140 1667
608 3 0 141 446 1667
609 3 0 726 1489 1867
610 3 0 1419 1421 1422
611 3 0 232 233 1689
612 3 0 1406 1397 1414
613 3 0 1132 1490 1854
614 3 0 1405 1410 1413
615 3 0 720 754 1924
616 3 0 789 1343 1425
617 3 0 1405 1409 1410
618 3 0 1128 1732 1734
619 3 0 1948 1698 2003
620 3 0 504 876 1420
621 3 0 347 1275 2194
622 3 0 1477 1569 1842
623 3 0 842 1323 2116
624 3 0 1400 1445 1830
625 3 0 1462 535 1871
626 3 0 1366 1367 1809
627 3 0 1569 1563 1842
628 3 0 1598 1062 1882
629 3 0 1556 1987 2027
630 3 0 1397 1408 1914
631 3 0 535 1368 1871
632 3 0 1746 1199 2024
633 3 0 924 926 1402
634 3 0 1352 884 1376
635 3 0 360 1522 1840
636 3 0 1848 904 2088
637 3 0 754 1362 1924
638 3 0 1254 1251 1894
639 3 0 1804 1300 1918
640 3 0 1586 1581 1587
641 3 0 468 162 1350
642 3 0 1581 1582 1587
643 3 0 780 1823 1825
644 3 0 882 885 1376
645 3 0 1419 1420 1421
646 3 0 1525 360 1840
647 3 0 9 294 1175
648 3 0 1489 1132 1867
649 3 0 539 1562 1596
650 3 0 1824 1063 1896
651 3 0 748 757 1367
652 3 0 1405 1403 1409
653 3 0 1267 1266 2163
654 3 0 1732 50 1734
655 3 0 51 415 1734
656 3 0 1823 1254 1825
657 3 0 502 504 1420
658 3 0 1562 1134 1596
659 3 0 1424 884 1446
660 3 0 27 28 1525
661 3 0 1521 1485 1539
662 3 0 700 915 1382
663 3 0 1410 1412 1413
664 3 0 1445 484 1830
665 3 0 28 360 1525
666 3 0 1417 497 1925
667 3 0 929 1598 1882
668 3 0 816 940 1448
669 3 0 492 862 1414
670 3 0 866 1371 1529
671 3 0 1910 1196 2096
672 3 0 1420 876 1421
673 3 0 431 285 1459
674 3 0 1278 1095 2051
675 3 0 861 1370 1851
676 3 0 1539 1485 1806
677 3 0 1403 496 1409
678 3 0 1349 1927 1928
679 3 0 1661 1660 1662
680 3 0 771 982 1371
681 3 0 1138 1819 1905
682 3 0 1382 915 1383
683 3 0 779 782 1528
684 3 0 884 882 1376
685 3 0 161 468 1379
686 3 0 746 748 1367
687 3 0 1250 1252 1961
688 3 0 1687 232 1689
689 3 0 233 387 1689
690 3 0 926 792 1366
691 3 0 1448 940 1824
692 3 0 1282 400 2033
693 3 0 1523 1548 1549
694 3 0 1271 1120 1957
695 3 0 885 897 1376
696 3 0 782 1431 1528
697 3 0 1289 1290 1291
698 3 0 1198 924 1402
699 3 0 406 1839 1873
700 3 0 1576 441 2110
701 3 0 372 1535 1536
702 3 0 1509 1539 1806
703 3 0 1380 702 1381
704 3 0 1141 1092 1891
705 3 0 862 1406 1414
706 3 0 535 517 1862
707 3 0 924 792 926
708 3 0 1874 542 1877
709 3 0 1367 757 1809
710 3 0 539 534 1893
711 3 0 286 1455 1459
712 3 0 1500 991 1809
713 3 0 703 702 1380
714 3 0 490 492 1414
715 3 0 1394 490 1414
716 3 0 1524 27 1525
717 3 0 789 710 1401
718 3 0 1155 1415 1416
719 3 0 549 552 1502
720 3 0 1603 971 1604
721 3 0 768 771 1371
722 3 0 1423 1358 1968
723 3 0 730 728 733
724 3 0 1557 1558 1559
725 3 0 1360 1043 1873
726 3 0 346 1486 1810
727 3 0 948 1179 1449
728 3 0 796 948 1449
729 3 0 1328 373 2222
730 3 0 1411 870 1418
731 3 0 1941 730 1947
732 3 0 1043 478 1445
733 3 0 993 1129 1443
734 3 0 448 1657 2112
735 3 0 454 1714 2115
736 3 0 161 162 468
737 3 0 1537 1104 1913
738 3 0 792 765 1366
739 3 0 26 27 1524
740 3 0 729 728 730
741 3 0 730 733 734
742 3 0 1641 1739 2001
743 3 0 1563 346 1842
744 3 0 1411 1418 1419
745 3 0 1368 535 1862
746 3 0 1443 1129 1444
747 3 0 286 287 1455
748 3 0 691 693 1600
749 3 0 346 22 1486
750 3 0 1846 1629 1879
751 3 0 1331 491 1922
752 3 0 1382 1383 1393
753 3 0 782 783 1881
754 3 0 764 714 1425
755 3 0 472 476 1360
756 3 0 1009 1169 1437
757 3 0 1397 1394 1414
758 3 0 1152 1153 1415
759 3 0 1825 1254 1894
760 3 0 1196 966 1488
761 3 0 820 818 1543
762 3 0 552 1440 1502
763 3 0 1455 1456 1459
764 3 0 1106 1203 1204
765 3 0 1439 559 1819
766 3 0 285 286 1459
767 3 0 870 500 1418
768 3 0 1371 982 1529
769 3 0 761 788 1500
770 3 0 777 1804 1918
771 3 0 1070 1069 1857
772 3 0 814 816 1448
773 3 0 788 991 1500
774 3 0 1141 1874 1877
775 3 0 897 1105 1106
776 3 0 526 549 1502
777 3 0 966 827 1488
778 3 0 991 1348 1809
779 3 0 734 735 736
780 3 0 428 1452 1453
781 3 0 1356 1357 1358
782 3 0 1308 1370 1946
783 3 0 1447 814 1448
784 3 0 1106 1105 1203
785 3 0 696 1587 1600
786 3 0 1438 559 1439
787 3 0 1526 858 1847
788 3 0 1839 1360 1873
789 3 0 352 26 1524
790 3 0 1288 1265 2111
791 3 0 778 779 1528
792 3 0 295 296 452
793 3 0 738 744 745
794 3 0 833 1394 1395
795 3 0 745 746 765
796 3 0 943 866 978
797 3 0 765 746 1367
798 3 0 788 767 866
799 3 0 488 490 1394
800 3 0 738 736 743
801 3 0 788 866 943
802 3 0 1342 485 1912
803 3 0 1496 1492 1497
804 3 0 948 966 1178
805 3 0 372 1534 1535
806 3 0 1418 502 1420
807 3 0 1178 966 1195
808 3 0 1396 1395 1398
809 3 0 1069 1541 1542
810 3 0 348 1555 1556
811 3 0 1073 1076 1276
812 3 0 1084 1087 2134
813 3 0 1073 983 1076
814 3 0 948 827 966
815 3 0 982 983 1073
816 3 0 998 997 999
817 3 0 853 851 1851
818 3 0 1276 1076 1277
819 3 0 560 559 1438
820 3 0 737 736 738
821 3 0 1352 1353 1446
822 3 0 1370 861 1901
823 3 0 913 1846 1879
824 3 0 486 488 833
825 3 0 982 778 983
826 3 0 796 827 948
827 3 0 761 767 788
828 3 0 1509 1508 1510
829 3 0 701 700 702
830 3 0 862 1403 1404
831 3 0 1406 1404 1407
832 3 0 727 726 728
833 3 0 984 820 1543
834 3 0 1356 1355 1357
835 3 0 702 700 1382
836 3 0 1366 765 1367
837 3 0 1352 1204 1353
838 3 0 710 708 1401
839 3 0 708 706 908
840 3 0 1308 1188 1370
841 3 0 428 288 1452
842 3 0 1410 1411 1412
843 3 0 771 778 982
844 3 0 428 1453 1454
845 3 0 1456 1454 1457
846 3 0 833 488 1394
847 3 0 751 752 1541
848 3 0 1395 1394 1397
849 3 0 552 554 1440
850 3 0 708 908 1401
851 3 0 476 478 1043
852 3 0 1040 1009 1437
853 3 0 1534 138 1538
854 3 0 895 564 1438
855 3 0 738 743 744
856 3 0 996 995 997
857 3 0 494 496 1403
858 3 0 1409 870 1410
859 3 0 1451 521 1462
860 3 0 838 840 1096
861 3 0 492 494 862
862 3 0 1537 1534 1538
863 3 0 1153 1426 1427
864 3 0 22 23 1486
865 3 0 701 702 703
866 3 0 1384 915 1803
867 3 0 745 744 746
868 3 0 1661 1662 1664
869 3 0 1152 1003 1153
870 3 0 519 535 1462
871 3 0 1033 1526 1847
872 3 0 1353 1356 1446
873 3 0 761 762 767
874 3 0 1469 1466 1507
875 3 0 1110 1111 1450
876 3 0 1353 1354 1355
877 3 0 1370 1188 1851
878 3 0 96 1550 1551
879 3 0 734 733 735
880 3 0 1353 1204 1354
881 3 0 1106 1204 1352
882 3 0 438 1465 1466
883 3 0 1507 1508 1509
884 3 0 1396 1398 1399
885 3 0 1491 399 1497
886 3 0 851 861 1851
887 3 0 1532 367 1533
888 3 0 1492 1491 1497
889 3 0 498 500 870
890 3 0 183 367 1532
891 3 0 1048 1855 1861
892 3 0 1404 1403 1405
893 3 0 1562 539 1893
894 3 0 1155 1152 1415
895 3 0 735 814 1447
896 3 0 500 502 1418
897 3 0 748 756 757
898 3 0 1709 1710 1711
899 3 0 1157 1155 1416
900 3 0 480 484 1445
901 3 0 1006 1794 1821
902 3 0 775 751 1541
903 3 0 862 494 1403
904 3 0 1296 1157 1297
905 3 0 990 994 1547
906 3 0 1466 1465 1507
907 3 0 1543 1462 1871
908 3 0 1456 1457 1458
909 3 0 1555 337 1558
910 3 0 1000 999 1001
911 3 0 947 357 1075
912 3 0 523 521 1451
913 3 0 160 161 1379
914 3 0 421 160 1379
915 3 0 996 997 998
916 3 0 1280 1188 1308
917 3 0 496 498 1409
918 3 0 787 796 1449
919 3 0 693 696 1600
920 3 0 1406 1407 1408
921 3 0 771 772 778
922 3 0 1202 1200 2113
923 3 0 1557 1555 1558
924 3 0 1410 870 1411
925 3 0 1433 1434 1435
926 3 0 1297 1157 1416
927 3 0 97 361 1550
928 3 0 94 399 1491
929 3 0 435 167 1460
930 3 0 1353 1355 1356
931 3 0 803 691 1600
932 3 0 953 801 1069
933 3 0 707 706 708
934 3 0 353 101 1487
935 3 0 712 710 789
936 3 0 898 821 1561
937 3 0 1469 1507 1509
938 3 0 796 797 827
939 3 0 1228 2093 2219
940 3 0 438 24 1465
941 3 0 1440 1068 1441
942 3 0 478 480 1445
943 3 0 564 560 1438
944 3 0 862 1404 1406
945 3 0 1463 436 1464
946 3 0 1794 1560 1821
947 3 0 521 519 1462
948 3 0 705 703 706
949 3 0 714 712 1425
950 3 0 1483 1595 1806
951 3 0 1489 741 1490
952 3 0 346 1810 1842
953 3 0 33 436 1463
954 3 0 991 943 1095
955 3 0 1003 1001 1426
956 3 0 439 103 1499
957 3 0 828 831 1488
958 3 0 712 789 1425
959 3 0 818 1451 1543
960 3 0 361 1552 1553
961 3 0 833 1395 1396
962 3 0 726 724 1489
963 3 0 484 485 486
964 3 0 426 282 1501
965 3 0 1359 1358 1423
966 3 0 825 907 1068
967 3 0 1855 829 1861
968 3 0 498 870 1409
969 3 0 308 309 1710
970 3 0 767 768 1371
971 3 0 757 758 1500
972 3 0 758 760 761
973 3 0 1626 1628 1816
974 3 0 1568 1565 1569
975 3 0 1498 422 1807
976 3 0 757 756 758
977 3 0 528 547 1560
978 3 0 1114 1116 1234
979 3 0 466 472 1360
980 3 0 1509 1510 1539
981 3 0 511 509 1544
982 3 0 1253 1251 1254
983 3 0 554 825 1440
984 3 0 567 564 895
985 3 0 1430 1432 1433
986 3 0 486 487 488
987 3 0 994 995 996
988 3 0 443 1571 1572
989 3 0 1296 1297 1312
990 3 0 998 999 1000
991 3 0 1556 1555 1557
992 3 0 828 830 831
993 3 0 716 714 764
994 3 0 779 781 782
995 3 0 1153 1003 1426
996 3 0 994 993 995
997 3 0 787 795 796
998 3 0 1111 1114 1450
999 3 0 768 770 771
1000 3 0 994 996 1589
1001 3 0 1535 1534 1537
1002 3 0 284 285 431
1003 3 0 287 288 428
1004 3 0 168 169 427
1005 3 0 171 172 430
1006 3 0 1358 1357 1527
1007 3 0 783 785 786
1008 3 0 1485 1483 1806
1009 3 0 1286 1136 1287
1010 3 0 1513 1514 1518
1011 3 0 709 708 710
1012 3 0 544 1428 1878
1013 3 0 873 844 1062
1014 3 0 281 282 426
1015 3 0 174 175 425
1016 3 0 728 726 1867
1017 3 0 1359 1424 1446
1018 3 0 1291 1290 1292
1019 3 0 825 1068 1440
1020 3 0 1328 1327 1329
1021 3 0 443 1570 1571
1022 3 0 1473 1474 1478
1023 3 0 996 1094 1589
1024 3 0 168 427 1460
1025 3 0 786 787 1449
1026 3 0 1169 1233 1304
1027 3 0 953 1069 1070
1028 3 0 278 279 397
1029 3 0 177 178 396
1030 3 0 437 1491 1492
1031 3 0 1467 1466 1468
1032 3 0 1510 1512 1513
1033 3 0 488 489 490
1034 3 0 1541 752 1542
1035 3 0 720 718 754
1036 3 0 999 997 1124
1037 3 0 443 1572 1611
1038 3 0 1494 1492 1496
1039 3 0 21 346 1563
1040 3 0 1502 1441 1885
1041 3 0 705 706 707
1042 3 0 767 762 768
1043 3 0 180 181 371
1044 3 0 275 276 370
1045 3 0 1565 1564 1569
1046 3 0 399 95 1551
1047 3 0 372 137 1534
1048 3 0 1469 1509 1806
1049 3 0 1516 1519 1520
1050 3 0 940 1072 1150
1051 3 0 1579 1584 1588
1052 3 0 1628 1037 1816
1053 3 0 1137 1136 1286
1054 3 0 1547 994 1589
1055 3 0 1478 1474 1482
1056 3 0 866 767 1371
1057 3 0 1002 1001 1003
1058 3 0 1057 1050 1591
1059 3 0 995 993 1443
1060 3 0 699 700 701
1061 3 0 816 932 940
1062 3 0 1474 1471 1595
1063 3 0 183 184 367
1064 3 0 272 273 366
1065 3 0 1483 1474 1595
1066 3 0 136 137 372
1067 3 0 319 320 373
1068 3 0 1465 352 1507
1069 3 0 1470 1468 1471
1070 3 0 361 98 1552
1071 3 0 724 722 741
1072 3 0 819 818 820
1073 3 0 1114 1234 1450
1074 3 0 490 491 492
1075 3 0 480 483 484
1076 3 0 1472 1471 1473
1077 3 0 547 818 819
1078 3 0 438 1466 1467
1079 3 0 472 474 476
1080 3 0 1473 1471 1474
1081 3 0 1558 362 1559
1082 3 0 948 1178 1179
1083 3 0 309 470 1710
1084 3 0 897 1106 1376
1085 3 0 989 990 1547
1086 3 0 1468 1469 1595
1087 3 0 547 527 818
1088 3 0 761 760 762
1089 3 0 1169 1008 1233
1090 3 0 699 698 700
1091 3 0 405 1564 1565
1092 3 0 758 761 1500
1093 3 0 360 29 1548
1094 3 0 1572 1575 1611
1095 3 0 1009 1008 1169
1096 3 0 1468 1466 1469
1097 3 0 819 820 821
1098 3 0 706 703 1380
1099 3 0 1440 1441 1502
1100 3 0 790 699 1841
1101 3 0 492 493 494
1102 3 0 1545 989 1546
1103 3 0 536 511 1544
1104 3 0 1102 1062 1264
1105 3 0 1479 1478 1480
1106 3 0 1513 1512 1514
1107 3 0 289 434 1452
1108 3 0 398 32 1463
1109 3 0 287 428 1455
1110 3 0 541 1889 1897
1111 3 0 711 710 712
1112 3 0 1151 1003 1152
1113 3 0 1349 764 1931
1114 3 0 990 993 994
1115 3 0 1356 1358 1359
1116 3 0 1451 1462 1543
1117 3 0 821 820 823
1118 3 0 182 183 1532
1119 3 0 1076 1077 1429
1120 3 0 1076 983 1077
1121 3 0 504 506 876
1122 3 0 1093 1092 1141
1123 3 0 987 989 1545
1124 3 0 833 1396 1830
1125 3 0 25 352 1465
1126 3 0 348 336 1555
1127 3 0 28 29 360
1128 3 0 31 32 398
1129 3 0 94 95 399
1130 3 0 97 98 361
1131 3 0 1069 801 1541
1132 3 0 1073 1276 1351
1133 3 0 102 439 1487
1134 3 0 484 486 1830
1135 3 0 1513 1518 1521
1136 3 0 494 495 496
1137 3 0 1135 1040 1136
1138 3 0 880 882 884
1139 3 0 530 528 1560
1140 3 0 1277 1076 1429
1141 3 0 1429 1077 1430
1142 3 0 1195 966 1196
1143 3 0 96 97 1550
1144 3 0 940 932 1072
1145 3 0 823 985 986
1146 3 0 1136 1040 1437
1147 3 0 1658 1659 1665
1148 3 0 443 17 1570
1149 3 0 1567 1565 1568
1150 3 0 986 987 1180
1151 3 0 1572 1571 1573
1152 3 0 104 347 1499
1153 3 0 1180 987 1545
1154 3 0 1187 923 1188
1155 3 0 496 497 498
1156 3 0 1473 1479 1540
1157 3 0 704 703 705
1158 3 0 498 499 500
1159 3 0 1507 352 1508
1160 3 0 1060 1057 1591
1161 3 0 986 985 987
1162 3 0 1493 1492 1494
1163 3 0 533 530 1560
1164 3 0 1455 1454 1456
1165 3 0 527 523 1451
1166 3 0 1041 863 1829
1167 3 0 545 540 1596
1168 3 0 437 93 1491
1169 3 0 822 821 898
1170 3 0 282 283 1501
1171 3 0 1566 1565 1567
1172 3 0 766 765 792
1173 3 0 500 501 502
1174 3 0 543 540 545
1175 3 0 25 26 352
1176 3 0 100 101 353
1177 3 0 422 91 1807
1178 3 0 528 527 547
1179 3 0 1564 1563 1569
1180 3 0 707 708 709
1181 3 0 987 988 989
1182 3 0 713 712 714
1183 3 0 827 828 1488
1184 3 0 778 772 779
1185 3 0 1144 1142 1149
1186 3 0 954 960 1224
1187 3 0 23 438 1486
1188 3 0 288 289 1452
1189 3 0 17 18 1570
1190 3 0 557 546 559
1191 3 0 1467 1468 1470
1192 3 0 538 534 539
1193 3 0 335 336 348
1194 3 0 120 121 349
1195 3 0 306 307 1708
1196 3 0 724 741 1489
1197 3 0 1007 899 1008
1198 3 0 1158 1245 1319
1199 3 0 23 24 438
1200 3 0 102 103 439
1201 3 0 338 362 1558
1202 3 0 823 984 985
1203 3 0 1253 1254 1255
1204 3 0 1651 1652 1653
1205 3 0 36 410 1578
1206 3 0 1578 1579 1588
1207 3 0 1091 1060 1092
1208 3 0 1116 1117 1158
1209 3 0 532 530 533
1210 3 0 432 1706 1708
1211 3 0 585 868 1787
1212 3 0 1473 1478 1479
1213 3 0 1356 1359 1446
1214 3 0 502 503 504
1215 3 0 21 22 346
1216 3 0 104 105 347
1217 3 0 1578 410 1579
1218 3 0 1154 1152 1155
1219 3 0 384 1288 2250
1220 3 0 771 770 772
1221 3 0 983 778 1528
1222 3 0 367 184 1531
1223 3 0 138 139 1538
1224 3 0 989 988 990
1225 3 0 1470 1471 1472
1226 3 0 908 706 1380
1227 3 0 1658 1657 1659
1228 3 0 307 432 1708
1229 3 0 337 338 1558
1230 3 0 1092 1060 1591
1231 3 0 1073 1351 1529
1232 3 0 960 1110 1503
1233 3 0 1482 1483 1484
1234 3 0 1546 989 1547
1235 3 0 715 714 716
1236 3 0 574 572 1629
1237 3 0 1472 1473 1540
1238 3 0 1433 1432 1434
1239 3 0 405 19 1564
1240 3 0 1703 1702 1704
1241 3 0 1479 1480 1481
1242 3 0 525 523 527
1243 3 0 1114 1115 1116
1244 3 0 746 747 748
1245 3 0 827 797 828
1246 3 0 1033 1146 1526
1247 3 0 1605 440 1606
1248 3 0 33 34 436
1249 3 0 818 527 1451
1250 3 0 95 96 1551
1251 3 0 1187 1188 1280
1252 3 0 986 1181 1561
1253 3 0 1510 1511 1512
1254 3 0 782 781 783
1255 3 0 987 985 988
1256 3 0 868 1624 1787
1257 3 0 801 775 1541
1258 3 0 93 94 1491
1259 3 0 725 724 726
1260 3 0 786 785 787
1261 3 0 20 21 1563
1262 3 0 1701 1702 1703
1263 3 0 98 99 1552
1264 3 0 432 308 1710
1265 3 0 788 943 991
1266 3 0 437 1492 1493
1267 3 0 336 337 1555
1268 3 0 405 1565 1566
1269 3 0 101 102 1487
1270 3 0 1651 1650 1652
1271 3 0 735 813 814
1272 3 0 986 1180 1181
1273 3 0 92 93 437
1274 3 0 1007 1008 1009
1275 3 0 717 716 718
1276 3 0 1710 470 1711
1277 3 0 137 138 1534
1278 3 0 1160 1364 1365
1279 3 0 821 823 1561
1280 3 0 563 560 564
1281 3 0 436 34 1577
1282 3 0 24 25 1465
1283 3 0 796 795 797
1284 3 0 139 374 1538
1285 3 0 411 1590 1599
1286 3 0 29 30 1548
1287 3 0 359 1098 1099
1288 3 0 103 104 1499
1289 3 0 751 740 752
1290 3 0 20 1563 1564
1291 3 0 823 820 984
1292 3 0 822 898 899
1293 3 0 709 710 711
1294 3 0 289 290 434
1295 3 0 166 167 435
1296 3 0 825 906 907
1297 3 0 32 33 1463
1298 3 0 519 517 535
1299 3 0 1000 1001 1002
1300 3 0 1051 1047 1832
1301 3 0 1650 433 1652
1302 3 0 1655 1657 1658
1303 3 0 816 817 932
1304 3 0 167 168 1460
1305 3 0 719 718 720
1306 3 0 897 970 1105
1307 3 0 1224 960 1503
1308 3 0 559 546 1819
1309 3 0 39 411 1599
1310 3 0 868 1622 1624
1311 3 0 982 1073 1529
1312 3 0 395 1435 1972
1313 3 0 1508 352 1524
1314 3 0 584 585 1787
1315 3 0 990 992 993
1316 3 0 38 39 1599
1317 3 0 157 158 1750
1318 3 0 433 157 1750
1319 3 0 1005 863 1041
1320 3 0 1156 1155 1157
1321 3 0 701 703 704
1322 3 0 440 116 1594
1323 3 0 1135 1136 1137
1324 3 0 697 698 699
1325 3 0 578 1035 1836
1326 3 0 1514 1515 1516
1327 3 0 1701 449 1702
1328 3 0 486 485 487
1329 3 0 1291 1292 1372
1330 3 0 1874 1141 1891
1331 3 0 1111 1113 1114
1332 3 0 823 986 1561
1333 3 0 819 821 822
1334 3 0 1510 1508 1511
1335 3 0 1287 1136 1437
1336 3 0 1471 1468 1595
1337 3 0 437 1493 1807
1338 3 0 721 720 722
1339 3 0 484 483 485
1340 3 0 532 533 534
1341 3 0 1620 1622 1802
1342 3 0 1295 1157 1296
1343 3 0 1396 1400 1830
1344 3 0 538 539 540
1345 3 0 525 527 528
1346 3 0 449 306 1708
1347 3 0 831 830 832
1348 3 0 1313 1312 1314
1349 3 0 35 36 1578
1350 3 0 1166 965 1167
1351 3 0 1167 965 1629
1352 3 0 1493 1494 1495
1353 3 0 1706 432 1709
1354 3 0 1711 1712 1713
1355 3 0 697 699 790
1356 3 0 1577 35 1578
1357 3 0 1577 1578 1588
1358 3 0 1579 1581 1584
1359 3 0 748 755 756
1360 3 0 1264 1062 1598
1361 3 0 117 118 363
1362 3 0 734 736 737
1363 3 0 338 339 362
1364 3 0 37 38 1801
1365 3 0 117 363 1594
1366 3 0 1476 1472 1540
1367 3 0 1711 470 1712
1368 3 0 554 805 825
1369 3 0 1572 1573 1574
1370 3 0 1595 1469 1806
1371 3 0 1150 1072 1170
1372 3 0 38 1599 1801
1373 3 0 1419 1418 1420
1374 3 0 1510 1513 1539
1375 3 0 1516 1517 1519
1376 3 0 1093 1141 1142
1377 3 0 723 722 724
1378 3 0 1439 1138 1936
1379 3 0 1704 1706 1707
1380 3 0 404 108 1601
1381 3 0 965 574 1629
1382 3 0 1676 1202 2251
1383 3 0 711 712 713
1384 3 0 115 440 1605
1385 3 0 1622 868 1802
1386 3 0 1700 449 1701
1387 3 0 873 1062 1102
1388 3 0 166 435 1593
1389 3 0 1584 1581 1586
1390 3 0 1700 1701 1705
1391 3 0 696 695 697
1392 3 0 1315 1314 1316
1393 3 0 1570 1566 1571
1394 3 0 1493 1498 1807
1395 3 0 1091 1092 1093
1396 3 0 1123 1650 1651
1397 3 0 543 545 546
1398 3 0 1383 915 1384
1399 3 0 592 1619 1620
1400 3 0 1619 1616 1620
1401 3 0 1624 1625 1626
1402 3 0 791 1051 1835
1403 3 0 1482 1474 1483
1404 3 0 16 443 1611
1405 3 0 1318 1316 1332
1406 3 0 1626 1627 1628
1407 3 0 488 487 489
1408 3 0 691 692 693
1409 3 0 19 20 1564
1410 3 0 697 695 698
1411 3 0 34 35 1577
1412 3 0 1787 1626 1816
1413 3 0 592 1620 1802
1414 3 0 932 817 954
1415 3 0 693 694 695
1416 3 0 758 759 760
1417 3 0 808 1612 1614
1418 3 0 540 539 1596
1419 3 0 1673 89 1799
1420 3 0 88 89 1673
1421 3 0 423 88 1673
1422 3 0 1560 547 1821
1423 3 0 814 815 816
1424 3 0 107 108 404
1425 3 0 18 19 405
1426 3 0 115 116 440
1427 3 0 1069 1542 1857
1428 3 0 1579 410 1580
1429 3 0 114 115 1605
1430 3 0 109 442 1601
1431 3 0 808 1614 1619
1432 3 0 1372 1292 1373
1433 3 0 18 405 1570
1434 3 0 1614 1616 1619
1435 3 0 15 16 1611
1436 3 0 340 341 441
1437 3 0 185 186 1597
1438 3 0 1704 1702 1706
1439 3 0 116 117 1594
1440 3 0 1622 1623 1624
1441 3 0 1010 1612 1795
1442 3 0 1579 1580 1581
1443 3 0 1019 921 1609
1444 3 0 693 692 694
1445 3 0 428 1454 1455
1446 3 0 736 735 1447
1447 3 0 691 690 692
1448 3 0 1607 867 1610
1449 3 0 689 691 803
1450 3 0 689 690 691
1451 3 0 108 109 1601
1452 3 0 1612 808 1795
1453 3 0 907 950 951
1454 3 0 1333 1332 1334
1455 3 0 578 812 1035
1456 3 0 109 110 442
1457 3 0 16 17 443
1458 3 0 693 695 696
1459 3 0 1716 1719 1720
1460 3 0 1624 1626 1787
1461 3 0 592 593 1619
1462 3 0 593 808 1619
1463 3 0 1620 1616 1621
1464 3 0 713 714 715
1465 3 0 211 212 1724
1466 3 0 212 381 1724
1467 3 0 921 687 1609
1468 3 0 1610 688 1631
1469 3 0 857 909 1033
1470 3 0 1716 1717 1719
1471 3 0 1655 1656 1657
1472 3 0 1075 357 1828
1473 3 0 1018 1019 1630
1474 3 0 1373 1292 1374
1475 3 0 1184 1610 1631
1476 3 0 1721 211 1724
1477 3 0 410 37 1801
1478 3 0 210 211 1721
1479 3 0 1184 1259 1607
1480 3 0 1018 921 1019
1481 3 0 600 1010 1795
1482 3 0 1620 1621 1622
1483 3 0 1612 1613 1614
1484 3 0 1624 1623 1625
1485 3 0 1010 1121 1612
1486 3 0 1716 1715 1717
1487 3 0 1184 1607 1610
1488 3 0 111 112 971
1489 3 0 690 688 1610
1490 3 0 1654 972 1655
1491 3 0 700 698 915
1492 3 0 445 1715 1716
1493 3 0 1717 378 1718
1494 3 0 1184 1183 1259
1495 3 0 931 1183 1184
1496 3 0 746 744 747
1497 3 0 1614 1615 1616
1498 3 0 1718 1722 1723
1499 3 0 1655 972 1656
1500 3 0 1201 958 1791
1501 3 0 1715 378 1717
1502 3 0 342 343 974
1503 3 0 688 685 1631
1504 3 0 1163 1632 1788
1505 3 0 1217 1018 1630
1506 3 0 692 690 867
1507 3 0 1632 809 1788
1508 3 0 1373 1374 1375
1509 3 0 378 210 1721
1510 3 0 1718 1721 1722
1511 3 0 685 684 1631
1512 3 0 1680 1682 1683
1513 3 0 600 807 1010
1514 3 0 218 382 1682
1515 3 0 1612 1121 1613
1516 3 0 217 218 1682
1517 3 0 1200 958 1201
1518 3 0 931 1184 1631
1519 3 0 1682 382 1683
1520 3 0 611 614 1786
1521 3 0 1675 380 1676
1522 3 0 609 611 1786
1523 3 0 1632 1633 1793
1524 3 0 1679 217 1682
1525 3 0 216 217 1679
1526 3 0 1676 380 1677
1527 3 0 80 419 1684
1528 3 0 79 80 1684
1529 3 0 420 78 1685
1530 3 0 213 214 1674
1531 3 0 381 213 1674
1532 3 0 918 1161 1163
1533 3 0 79 1684 1685
1534 3 0 1677 1680 1681
1535 3 0 215 380 1675
1536 3 0 1163 1161 1191
1537 3 0 1674 214 1675
1538 3 0 902 1634 1636
1539 3 0 1126 944 1785
1540 3 0 1163 1191 1632
1541 3 0 76 1669 1670
1542 3 0 1028 1634 1782
1543 3 0 90 422 1799
1544 3 0 186 355 1597
1545 3 0 77 420 1669
1546 3 0 76 77 1669
1547 3 0 1677 1679 1680
1548 3 0 380 216 1679
1549 3 0 417 1693 1694
1550 3 0 1634 902 1782
1551 3 0 1125 944 1126
1552 3 0 1697 1695 1698
1553 3 0 456 1696 1697
1554 3 0 1696 1695 1697
1555 3 0 75 76 1670
1556 3 0 418 75 1670
1557 3 0 417 1694 1695
1558 3 0 78 79 1685
1559 3 0 72 73 1693
1560 3 0 417 72 1693
1561 3 0 214 215 1675
1562 3 0 417 1695 1696
1563 3 0 1634 1635 1636
1564 3 0 628 1028 1782
1565 3 0 456 70 1696
1566 3 0 70 71 1696
1567 3 0 71 417 1696
1568 3 0 645 824 1642
1569 3 0 1269 967 1780
1570 3 0 824 1639 1642
1571 3 0 644 645 1642
1572 3 0 824 1637 1639
1573 3 0 1737 1738 1739
1574 3 0 1642 1641 1776
1575 3 0 1637 824 1773
1576 3 0 1014 1637 1773
1577 3 0 1737 457 1738
1578 3 0 638 872 1012
1579 3 0 1639 1641 1642
1580 3 0 1639 1640 1641
1581 3 0 1643 1208 1768
1582 3 0 416 1737 1739
1583 3 0 650 1643 1768
1584 3 0 1637 1638 1639
1585 3 0 1644 1643 1770
1586 3 0 230 385 1747
1587 3 0 229 230 1747
1588 3 0 1014 1107 1637
1589 3 0 231 232 1687
1590 3 0 385 231 1687
1591 3 0 875 1645 1647
1592 3 0 628 910 1028
1593 3 0 1208 945 1768
1594 3 0 1243 1208 1643
1595 3 0 1243 1643 1644
1596 3 0 875 1647 1649
1597 3 0 1639 1638 1640
1598 3 0 1645 875 1765
1599 3 0 1015 1645 1765
1600 3 0 658 659 1649
1601 3 0 659 875 1649
1602 3 0 387 234 1748
1603 3 0 234 235 1748
1604 3 0 1637 1107 1638
1605 3 0 1207 945 1208
1606 3 0 1741 1742 1743
1607 3 0 1645 1646 1647
1608 3 0 388 1745 1757
1609 3 0 652 905 1014
1610 3 0 386 1740 1741
1611 3 0 1742 1740 1757
1612 3 0 1741 1740 1742
1613 3 0 1743 1742 1744
1614 3 0 1745 1742 1757
1615 3 0 414 1732 1733
1616 3 0 1101 935 1759
1617 3 0 1015 1118 1645
1618 3 0 414 49 1732
1619 3 0 49 50 1732
1620 3 0 413 1691 1692
1621 3 0 1725 1727 1730
1622 3 0 1725 1726 1727
1623 3 0 1100 935 1101
1624 3 0 413 46 1691
1625 3 0 46 47 1691
1626 3 0 1725 390 1726
1627 3 0 675 677 1751
1628 3 0 389 245 1730
1629 3 0 1020 912 1752
1630 3 0 246 1725 1730
1631 3 0 1726 390 1728
1632 3 0 246 247 1725
1633 3 0 247 390 1725
1634 3 0 677 680 1751
1635 3 0 245 246 1730
1636 3 0 686 1017 1753
1637 3 0 45 413 1746
1638 3 0 44 45 1746
1639 3 0 672 900 1021
1640 3 0 979 912 1020
1641 3 0 156 433 1650
1642 3 0 155 156 1650
1643 3 0 402 84 1668
1644 3 0 69 456 1672
1645 3 0 68 69 1672
1646 3 0 84 85 1668
1647 3 0 208 209 1715
1648 3 0 445 208 1715
1649 3 0 226 227 1749
1650 3 0 227 455 1749
1651 3 0 457 62 1699
1652 3 0 446 142 1654
1653 3 0 62 63 1699
1654 3 0 225 383 1671
1655 3 0 451 58 1690
1656 3 0 58 59 1690
1657 3 0 53 450 1686
1658 3 0 1123 155 1650
1659 3 0 237 238 1735
1660 3 0 447 237 1735
1661 3 0 85 459 1668
1662 3 0 52 53 1686
1663 3 0 666 901 1015
1664 3 0 60 61 1737
1665 3 0 403 68 1672
1666 3 0 143 972 1654
1667 3 0 416 60 1737
1668 3 0 74 75 418
1669 3 0 300 301 1731
1670 3 0 59 416 1690
1671 3 0 143 144 972
1672 3 0 156 157 433
1673 3 0 42 43 412
1674 3 0 225 226 383
1675 3 0 207 208 445
1676 3 0 221 222 384
1677 3 0 218 219 382
1678 3 0 301 973 1731
1679 3 0 61 457 1737
1680 3 0 227 228 455
1681 3 0 298 299 1736
1682 3 0 199 200 376
1683 3 0 215 216 380
1684 3 0 202 203 377
1685 3 0 415 52 1686
1686 3 0 209 378 1715
1687 3 0 223 224 444
1688 3 0 453 300 1731
1689 3 0 36 37 410
1690 3 0 51 52 415
1691 3 0 238 239 386
1692 3 0 253 254 391
1693 3 0 53 54 450
1694 3 0 61 62 457
1695 3 0 80 81 419
1696 3 0 90 91 422
1697 3 0 299 453 1736
1698 3 0 45 46 413
1699 3 0 48 49 414
1700 3 0 55 56 400
1701 3 0 57 58 451
1702 3 0 59 60 416
1703 3 0 151 152 469
1704 3 0 309 310 470
1705 3 0 39 40 411
1706 3 0 299 300 453
1707 3 0 147 148 448
1708 3 0 149 150 429
1709 3 0 316 317 424
1710 3 0 305 306 449
1711 3 0 307 308 432
1712 3 0 312 313 1122
1713 3 0 314 315 454
1714 3 0 297 298 375
1715 3 0 301 302 973
1716 3 0 236 237 447
1717 3 0 63 401 1699
1718 3 0 65 66 458
1719 3 0 230 231 385
1720 3 0 233 234 387
1721 3 0 247 248 390
1722 3 0 241 242 388
1723 3 0 244 245 389
1724 3 0 250 251 392
1725 3 0 256 257 393
1726 3 0 238 386 1735
1727 3 0 375 298 1736
1728 3 0 304 305 1700
1729 3 0 63 64 401
1730 3 0 67 68 403
1731 3 0 83 84 402
1732 3 0 69 70 456
1733 3 0 71 72 417
1734 3 0 77 78 420
1735 3 0 85 86 459
1736 3 0 87 88 423
1737 3 0 139 140 374
1738 3 0 141 142 446
1739 3 0 159 160 421
1740 3 0 154 155 1123
1741 3 0 305 449 1700
1742 3 0 209 210 378
1743 3 0 205 206 379
1744 3 0 212 213 381
1745 3 0 142 143 1654
1746 3 0 383 226 1749
1747 3 0 239 240 1740
1748 3 0 224 225 1671
1749 3 0 386 239 1740
1750 3 0 444 224 1671
1751 3 0 686 921 1017
1752 3 0 1017 1216 1754
1753 3 0 1017 921 1018
1754 3 0 1017 1018 1216
1755 3 0 689 688 690
1756 3 0 686 687 921
1757 3 0 687 685 688
1758 3 0 687 688 689
1759 3 0 683 685 686
1760 3 0 672 1021 1761
1761 3 0 1021 1211 1763
1762 3 0 1216 1018 1217
1763 3 0 686 685 687
1764 3 0 1183 979 1197
1765 3 0 1021 900 1022
1766 3 0 931 979 1183
1767 3 0 680 916 917
1768 3 0 931 912 979
1769 3 0 684 682 912
1770 3 0 1740 240 1757
1771 3 0 241 388 1757
1772 3 0 684 912 931
1773 3 0 683 684 685
1774 3 0 917 1074 1109
1775 3 0 683 682 684
1776 3 0 680 681 916
1777 3 0 681 679 682
1778 3 0 681 682 683
1779 3 0 917 916 1074
1780 3 0 1109 1074 1199
1781 3 0 683 686 1753
1782 3 0 677 679 680
1783 3 0 680 917 1751
1784 3 0 912 682 1752
1785 3 0 1754 1216 1756
1786 3 0 682 679 1752
1787 3 0 1753 1017 1754
1788 3 0 680 679 681
1789 3 0 681 683 1753
1790 3 0 679 678 1752
1791 3 0 916 681 1753
1792 3 0 1021 1022 1211
1793 3 0 1074 916 1754
1794 3 0 916 1753 1754
1795 3 0 678 676 911
1796 3 0 1023 1755 1758
1797 3 0 1647 1646 1648
1798 3 0 677 678 679
1799 3 0 1074 1754 1756
1800 3 0 677 676 678
1801 3 0 1199 1074 1756
1802 3 0 938 1173 1174
1803 3 0 1022 900 1023
1804 3 0 1755 1751 1758
1805 3 0 917 1109 1758
1806 3 0 673 671 674
1807 3 0 675 676 677
1808 3 0 675 1751 1755
1809 3 0 673 675 1755
1810 3 0 1645 1118 1646
1811 3 0 900 673 1755
1812 3 0 675 674 676
1813 3 0 672 673 900
1814 3 0 673 674 675
1815 3 0 1211 1022 1212
1816 3 0 1023 900 1755
1817 3 0 1174 1173 1310
1818 3 0 1173 1100 1206
1819 3 0 240 241 1757
1820 3 0 672 671 673
1821 3 0 1015 901 1016
1822 3 0 1744 1742 1745
1823 3 0 1015 1016 1118
1824 3 0 1751 917 1758
1825 3 0 938 1100 1173
1826 3 0 670 668 935
1827 3 0 669 671 672
1828 3 0 938 935 1100
1829 3 0 670 935 938
1830 3 0 669 670 671
1831 3 0 938 1174 1760
1832 3 0 911 676 1762
1833 3 0 666 667 901
1834 3 0 669 668 670
1835 3 0 674 671 1760
1836 3 0 667 665 668
1837 3 0 1760 1174 1762
1838 3 0 667 668 669
1839 3 0 674 1760 1762
1840 3 0 663 665 666
1841 3 0 666 1015 1765
1842 3 0 670 938 1760
1843 3 0 671 670 1760
1844 3 0 1118 1016 1128
1845 3 0 935 668 1759
1846 3 0 666 665 667
1847 3 0 668 665 1759
1848 3 0 665 664 1759
1849 3 0 1761 1021 1763
1850 3 0 667 669 1761
1851 3 0 676 674 1762
1852 3 0 669 672 1761
1853 3 0 901 667 1761
1854 3 0 911 1762 1764
1855 3 0 661 663 1765
1856 3 0 1242 1208 1243
1857 3 0 1016 901 1763
1858 3 0 875 661 1765
1859 3 0 901 1761 1763
1860 3 0 1762 1174 1764
1861 3 0 1207 1208 1242
1862 3 0 1174 1310 1764
1863 3 0 662 660 939
1864 3 0 663 664 665
1865 3 0 663 662 664
1866 3 0 659 661 875
1867 3 0 661 662 663
1868 3 0 663 666 1765
1869 3 0 661 660 662
1870 3 0 659 657 660
1871 3 0 659 660 661
1872 3 0 939 660 1766
1873 3 0 1014 1078 1107
1874 3 0 656 654 945
1875 3 0 658 657 659
1876 3 0 655 657 658
1877 3 0 1014 905 1078
1878 3 0 1024 945 1207
1879 3 0 1647 1648 1772
1880 3 0 1024 1207 1209
1881 3 0 656 945 1024
1882 3 0 655 656 657
1883 3 0 1246 1247 1281
1884 3 0 1246 1079 1247
1885 3 0 660 657 1766
1886 3 0 652 653 905
1887 3 0 655 654 656
1888 3 0 657 656 1766
1889 3 0 652 1014 1773
1890 3 0 653 651 654
1891 3 0 656 1024 1766
1892 3 0 939 1766 1769
1893 3 0 653 654 655
1894 3 0 1078 1079 1246
1895 3 0 1078 905 1079
1896 3 0 652 651 653
1897 3 0 649 651 652
1898 3 0 1771 1649 1772
1899 3 0 655 658 1767
1900 3 0 945 654 1768
1901 3 0 651 650 1768
1902 3 0 824 647 1773
1903 3 0 1024 1209 1769
1904 3 0 653 655 1767
1905 3 0 905 653 1767
1906 3 0 647 649 1773
1907 3 0 1766 1024 1769
1908 3 0 658 1649 1771
1909 3 0 654 651 1768
1910 3 0 1079 905 1767
1911 3 0 1247 1771 1772
1912 3 0 1767 658 1771
1913 3 0 649 650 651
1914 3 0 648 646 871
1915 3 0 1079 1767 1771
1916 3 0 1247 1079 1771
1917 3 0 871 646 1774
1918 3 0 1649 1647 1772
1919 3 0 1643 650 1770
1920 3 0 649 648 650
1921 3 0 645 647 824
1922 3 0 648 871 1770
1923 3 0 1012 1013 1097
1924 3 0 649 652 1773
1925 3 0 650 648 1770
1926 3 0 647 648 649
1927 3 0 645 643 646
1928 3 0 647 646 648
1929 3 0 645 646 647
1930 3 0 1012 872 1013
1931 3 0 641 643 644
1932 3 0 1268 967 1269
1933 3 0 1025 942 1213
1934 3 0 644 643 645
1935 3 0 642 640 942
1936 3 0 642 942 1025
1937 3 0 1025 1213 1232
1938 3 0 646 643 1774
1939 3 0 638 1012 1779
1940 3 0 1028 1171 1634
1941 3 0 942 640 1777
1942 3 0 641 642 643
1943 3 0 642 1025 1774
1944 3 0 643 642 1774
1945 3 0 638 639 872
1946 3 0 641 640 642
1947 3 0 641 644 1775
1948 3 0 639 640 641
1949 3 0 1013 872 1026
1950 3 0 1097 1013 1210
1951 3 0 804 633 1779
1952 3 0 639 637 640
1953 3 0 635 637 638
1954 3 0 639 641 1775
1955 3 0 633 635 1779
1956 3 0 872 639 1775
1957 3 0 1213 942 1781
1958 3 0 1775 644 1776
1959 3 0 638 637 639
1960 3 0 1026 872 1775
1961 3 0 1026 1775 1776
1962 3 0 644 1642 1776
1963 3 0 1027 967 1268
1964 3 0 636 634 967
1965 3 0 1027 1268 1270
1966 3 0 636 967 1027
1967 3 0 640 637 1777
1968 3 0 635 636 637
1969 3 0 942 1777 1781
1970 3 0 631 633 804
1971 3 0 636 1027 1777
1972 3 0 635 634 636
1973 3 0 637 636 1777
1974 3 0 635 638 1779
1975 3 0 632 630 920
1976 3 0 633 634 635
1977 3 0 1777 1027 1781
1978 3 0 1027 1270 1781
1979 3 0 1028 1082 1171
1980 3 0 967 634 1780
1981 3 0 633 632 634
1982 3 0 632 920 1780
1983 3 0 1272 1083 1273
1984 3 0 631 632 633
1985 3 0 1028 910 1082
1986 3 0 634 632 1780
1987 3 0 631 630 632
1988 3 0 631 804 1778
1989 3 0 629 627 630
1990 3 0 1634 1171 1635
1991 3 0 1082 1083 1272
1992 3 0 628 629 910
1993 3 0 629 631 1778
1994 3 0 629 630 631
1995 3 0 910 629 1778
1996 3 0 1082 910 1083
1997 3 0 1083 910 1778
1998 3 0 625 627 628
1999 3 0 628 627 629
2000 3 0 624 622 919
2001 3 0 625 626 627
2002 3 0 614 918 1786
2003 3 0 621 619 622
2004 3 0 1677 380 1679
2005 3 0 625 624 626
2006 3 0 623 624 625
2007 3 0 621 623 902
2008 3 0 621 622 623
2009 3 0 623 622 624
2010 3 0 919 622 1783
2011 3 0 867 690 1610
2012 3 0 625 628 1782
2013 3 0 1127 1265 1288
2014 3 0 623 625 1782
2015 3 0 620 619 621
2016 3 0 1680 1679 1682
2017 3 0 1127 1125 1265
2018 3 0 618 616 944
2019 3 0 902 623 1782
2020 3 0 1029 1125 1127
2021 3 0 617 619 620
2022 3 0 1029 944 1125
2023 3 0 618 944 1029
2024 3 0 617 618 619
2025 3 0 1161 956 1162
2026 3 0 918 1163 1786
2027 3 0 622 619 1783
2028 3 0 918 956 1161
2029 3 0 614 869 918
2030 3 0 956 869 1030
2031 3 0 727 728 729
2032 3 0 615 613 616
2033 3 0 869 615 1784
2034 3 0 615 617 1784
2035 3 0 918 869 956
2036 3 0 618 1029 1783
2037 3 0 619 618 1783
2038 3 0 617 616 618
2039 3 0 1718 378 1721
2040 3 0 614 615 869
2041 3 0 615 616 617
2042 3 0 1632 1191 1633
2043 3 0 617 620 1784
2044 3 0 1030 869 1784
2045 3 0 614 613 615
2046 3 0 613 612 1785
2047 3 0 944 616 1785
2048 3 0 616 613 1785
2049 3 0 611 613 614
2050 3 0 610 608 928
2051 3 0 611 612 613
2052 3 0 611 610 612
2053 3 0 609 610 611
2054 3 0 1010 1011 1121
2055 3 0 1786 1163 1788
2056 3 0 607 605 608
2057 3 0 609 608 610
2058 3 0 434 290 1592
2059 3 0 606 607 809
2060 3 0 607 608 609
2061 3 0 607 609 1788
2062 3 0 1722 1721 1724
2063 3 0 684 931 1631
2064 3 0 928 608 1789
2065 3 0 609 1786 1788
2066 3 0 1614 1613 1615
2067 3 0 809 607 1788
2068 3 0 606 605 607
2069 3 0 1626 1625 1627
2070 3 0 604 602 958
2071 3 0 603 605 606
2072 3 0 1010 807 1011
2073 3 0 1031 1200 1202
2074 3 0 1031 958 1200
2075 3 0 1164 1032 1165
2076 3 0 604 958 1031
2077 3 0 603 604 605
2078 3 0 608 605 1789
2079 3 0 1197 1728 1989
2080 3 0 601 599 602
2081 3 0 601 603 1790
2082 3 0 807 601 1790
2083 3 0 604 1031 1789
2084 3 0 605 604 1789
2085 3 0 603 602 604
2086 3 0 600 601 807
2087 3 0 1011 1032 1164
2088 3 0 603 606 1790
2089 3 0 601 602 603
2090 3 0 1790 606 1792
2091 3 0 1032 1790 1792
2092 3 0 606 809 1792
2093 3 0 1032 807 1790
2094 3 0 809 1632 1793
2095 3 0 1011 807 1032
2096 3 0 1165 1032 1792
2097 3 0 958 602 1791
2098 3 0 600 599 601
2099 3 0 599 598 1791
2100 3 0 602 599 1791
2101 3 0 597 599 600
2102 3 0 689 803 1609
2103 3 0 1582 1583 1585
2104 3 0 687 689 1609
2105 3 0 698 695 1803
2106 3 0 1792 809 1793
2107 3 0 1615 1617 1618
2108 3 0 1165 1792 1793
2109 3 0 597 598 599
2110 3 0 596 594 933
2111 3 0 1615 1613 1617
2112 3 0 593 595 808
2113 3 0 597 596 598
2114 3 0 1585 1583 1590
2115 3 0 1622 1621 1623
2116 3 0 1590 1583 1599
2117 3 0 1581 1580 1582
2118 3 0 595 596 597
2119 3 0 960 961 1110
2120 3 0 1035 812 1036
2121 3 0 1713 1712 1714
2122 3 0 597 600 1795
2123 3 0 1475 1472 1476
2124 3 0 593 591 594
2125 3 0 595 594 596
2126 3 0 184 185 1531
2127 3 0 593 594 595
2128 3 0 808 595 1795
2129 3 0 533 1560 1794
2130 3 0 595 597 1795
2131 3 0 1383 1384 1385
2132 3 0 933 594 1796
2133 3 0 1484 1483 1485
2134 3 0 1385 1384 1386
2135 3 0 592 591 593
2136 3 0 1582 1580 1583
2137 3 0 589 591 592
2138 3 0 930 801 953
2139 3 0 594 591 1796
2140 3 0 591 590 1796
2141 3 0 1385 1386 1387
2142 3 0 1002 1003 1151
2143 3 0 476 477 478
2144 3 0 1583 1580 1801
2145 3 0 1045 834 1858
2146 3 0 588 586 934
2147 3 0 1228 1041 1229
2148 3 0 757 1500 1809
2149 3 0 1702 449 1708
2150 3 0 589 590 591
2151 3 0 490 489 491
2152 3 0 715 716 717
2153 3 0 1580 410 1801
2154 3 0 865 975 1044
2155 3 0 589 588 590
2156 3 0 695 694 1803
2157 3 0 1531 185 1597
2158 3 0 1599 1583 1801
2159 3 0 587 588 589
2160 3 0 1035 1036 1108
2161 3 0 585 587 868
2162 3 0 588 934 1797
2163 3 0 590 588 1797
2164 3 0 492 491 493
2165 3 0 1039 1009 1040
2166 3 0 587 586 588
2167 3 0 585 583 586
2168 3 0 589 592 1802
2169 3 0 996 998 1094
2170 3 0 438 1467 1486
2171 3 0 1085 358 1086
2172 3 0 990 988 992
2173 3 0 1514 1512 1515
2174 3 0 513 511 536
2175 3 0 585 586 587
2176 3 0 89 90 1799
2177 3 0 587 589 1802
2178 3 0 1629 572 1879
2179 3 0 964 834 1045
2180 3 0 819 822 1821
2181 3 0 494 493 495
2182 3 0 717 718 719
2183 3 0 997 995 1442
2184 3 0 868 587 1802
2185 3 0 1190 1338 1339
2186 3 0 934 586 1805
2187 3 0 557 559 560
2188 3 0 1431 782 1881
2189 3 0 1707 1706 1709
2190 3 0 735 733 813
2191 3 0 1006 899 1007
2192 3 0 584 583 585
2193 3 0 993 992 1129
2194 3 0 1190 1189 1338
2195 3 0 816 815 817
2196 3 0 91 92 1807
2197 3 0 581 583 584
2198 3 0 582 580 959
2199 3 0 885 896 897
2200 3 0 1038 1189 1190
2201 3 0 936 1159 1160
2202 3 0 1129 1368 1862
2203 3 0 165 166 1593
2204 3 0 405 1566 1570
2205 3 0 719 720 721
2206 3 0 290 291 1592
2207 3 0 1513 1521 1539
2208 3 0 1179 1178 1972
2209 3 0 92 437 1807
2210 3 0 1038 959 1189
2211 3 0 498 497 499
2212 3 0 1575 1574 1576
2213 3 0 500 499 501
2214 3 0 496 495 497
2215 3 0 800 775 801
2216 3 0 832 837 838
2217 3 0 508 510 1279
2218 3 0 891 903 1052
2219 3 0 725 726 727
2220 3 0 581 582 583
2221 3 0 1005 1041 1228
2222 3 0 582 959 1038
2223 3 0 1151 1152 1154
2224 3 0 1062 844 1882
2225 3 0 1381 702 1382
2226 3 0 1572 1574 1575
2227 3 0 1302 1300 1804
2228 3 0 704 705 863
2229 3 0 1033 1034 1146
2230 3 0 1052 1176 1887
2231 3 0 1158 1117 1245
2232 3 0 579 581 1798
2233 3 0 721 722 723
2234 3 0 1036 812 1037
2235 3 0 1706 1702 1708
2236 3 0 768 769 770
2237 3 0 579 577 580
2238 3 0 586 583 1805
2239 3 0 1116 1115 1117
2240 3 0 758 756 759
2241 3 0 563 564 565
2242 3 0 1299 1255 1300
2243 3 0 1252 1251 1253
2244 3 0 1301 1300 1302
2245 3 0 812 579 1798
2246 3 0 581 580 582
2247 3 0 1106 1352 1376
2248 3 0 1114 1113 1115
2249 3 0 581 584 1798
2250 3 0 583 582 1805
2251 3 0 1709 432 1710
2252 3 0 1058 1061 1147
2253 3 0 923 853 1851
2254 3 0 582 1038 1805
2255 3 0 1470 1472 1475
2256 3 0 1250 1249 1251
2257 3 0 1103 1102 1139
2258 3 0 1283 977 1284
2259 3 0 1299 1301 2054
2260 3 0 985 984 1831
2261 3 0 578 579 812
2262 3 0 860 1845 1865
2263 3 0 502 501 503
2264 3 0 1134 1040 1135
2265 3 0 825 805 906
2266 3 0 865 1044 1834
2267 3 0 545 1596 1905
2268 3 0 852 854 1847
2269 3 0 579 580 581
2270 3 0 822 1006 1821
2271 3 0 791 1047 1051
2272 3 0 1108 1036 1133
2273 3 0 915 698 1803
2274 3 0 1516 1515 1517
2275 3 0 1148 1220 1221
2276 3 0 748 747 755
2277 3 0 959 580 1826
2278 3 0 745 765 766
2279 3 0 934 1805 1813
2280 3 0 529 528 530
2281 3 0 954 955 960
2282 3 0 1047 1065 1832
2283 3 0 1037 812 1798
2284 3 0 537 534 538
2285 3 0 1218 1166 1258
2286 3 0 524 523 525
2287 3 0 504 503 505
2288 3 0 723 724 725
2289 3 0 1215 1293 1294
2290 3 0 1475 1477 1842
2291 3 0 1805 1038 1813
2292 3 0 578 577 579
2293 3 0 1038 1190 1813
2294 3 0 991 1095 1348
2295 3 0 707 709 776
2296 3 0 1110 961 1111
2297 3 0 1475 1476 1477
2298 3 0 859 856 860
2299 3 0 737 738 1608
2300 3 0 567 895 913
2301 3 0 522 521 523
2302 3 0 520 519 521
2303 3 0 1248 962 1249
2304 3 0 1845 1215 1865
2305 3 0 779 780 781
2306 3 0 822 899 1006
2307 3 0 800 801 930
2308 3 0 1007 1009 1039
2309 3 0 547 819 1821
2310 3 0 1493 1495 1498
2311 3 0 858 852 1847
2312 3 0 531 530 532
2313 3 0 542 540 543
2314 3 0 575 577 578
2315 3 0 1065 1346 1347
2316 3 0 774 798 799
2317 3 0 518 517 519
2318 3 0 739 749 750
2319 3 0 576 574 965
2320 3 0 1296 1312 1313
2321 3 0 1143 1142 1144
2322 3 0 941 1214 1215
2323 3 0 1042 1166 1218
2324 3 0 584 1787 1816
2325 3 0 190 191 345
2326 3 0 265 266 344
2327 3 0 1033 909 1034
2328 3 0 940 1150 1824
2329 3 0 486 833 1830
2330 3 0 1149 1142 1877
2331 3 0 1227 1239 1240
2332 3 0 1090 1060 1091
2333 3 0 1430 1431 1432
2334 3 0 189 190 1812
2335 3 0 1154 1155 1156
2336 3 0 356 1257 1278
2337 3 0 1927 754 1928
2338 3 0 992 988 1831
2339 3 0 790 1841 1863
2340 3 0 1515 1512 1840
2341 3 0 546 545 1819
2342 3 0 188 189 460
2343 3 0 267 268 461
2344 3 0 930 953 1192
2345 3 0 1037 1798 1816
2346 3 0 192 193 463
2347 3 0 263 264 462
2348 3 0 814 813 815
2349 3 0 1059 1057 1060
2350 3 0 1810 1475 1842
2351 3 0 187 188 1811
2352 3 0 268 269 1815
2353 3 0 888 890 891
2354 3 0 1255 1254 1823
2355 3 0 964 1045 1223
2356 3 0 478 479 480
2357 3 0 1042 965 1166
2358 3 0 1798 584 1816
2359 3 0 262 263 1814
2360 3 0 186 187 355
2361 3 0 269 270 354
2362 3 0 1044 975 1168
2363 3 0 575 576 577
2364 3 0 1889 1441 1897
2365 3 0 787 794 795
2366 3 0 1004 863 1005
2367 3 0 194 195 351
2368 3 0 261 262 350
2369 3 0 851 849 861
2370 3 0 549 551 552
2371 3 0 988 985 1831
2372 3 0 1284 977 1875
2373 3 0 783 784 785
2374 3 0 525 528 529
2375 3 0 260 261 1818
2376 3 0 1215 1214 1293
2377 3 0 1381 1382 1393
2378 3 0 516 515 517
2379 3 0 768 762 769
2380 3 0 576 965 1042
2381 3 0 1193 1192 1344
2382 3 0 196 197 464
2383 3 0 259 260 465
2384 3 0 854 856 857
2385 3 0 826 1048 1861
2386 3 0 886 888 1869
2387 3 0 575 574 576
2388 3 0 1511 1524 1525
2389 3 0 1467 1470 1810
2390 3 0 1156 1157 1295
2391 3 0 1052 903 1053
2392 3 0 197 198 1822
2393 3 0 258 259 1820
2394 3 0 556 546 557
2395 3 0 954 817 955
2396 3 0 1282 2033 2045
2397 3 0 1377 1034 1378
2398 3 0 909 859 914
2399 3 0 930 1192 1193
2400 3 0 798 800 922
2401 3 0 571 573 810
2402 3 0 1039 1040 1134
2403 3 0 907 906 950
2404 3 0 1052 1053 1176
2405 3 0 828 829 830
2406 3 0 1104 894 1913
2407 3 0 198 7 359
2408 3 0 8 258 358
2409 3 0 857 1033 1847
2410 3 0 1486 1467 1810
2411 3 0 532 534 537
2412 3 0 1189 959 1856
2413 3 0 1080 1266 1267
2414 3 0 711 713 773
2415 3 0 857 859 909
2416 3 0 1517 1522 1523
2417 3 0 580 577 1826
2418 3 0 1147 1061 1148
2419 3 0 759 756 1852
2420 3 0 963 1066 1235
2421 3 0 892 890 893
2422 3 0 1177 1053 1244
2423 3 0 538 540 542
2424 3 0 1396 1399 1400
2425 3 0 1135 1137 1138
2426 3 0 743 736 1447
2427 3 0 1313 1314 1315
2428 3 0 573 574 575
2429 3 0 960 955 961
2430 3 0 1221 1220 1222
2431 3 0 1470 1475 1810
2432 3 0 565 564 567
2433 3 0 1325 842 2137
2434 3 0 1320 467 1321
2435 3 0 1077 983 1528
2436 3 0 949 1226 1227
2437 3 0 798 775 800
2438 3 0 806 835 963
2439 3 0 760 759 791
2440 3 0 1004 1005 1089
2441 3 0 1511 1508 1524
2442 3 0 1512 1511 1840
2443 3 0 1129 992 1368
2444 3 0 1315 1316 1318
2445 3 0 854 855 856
2446 3 0 292 293 409
2447 3 0 163 164 408
2448 3 0 715 717 753
2449 3 0 806 555 834
2450 3 0 1333 1334 1335
2451 3 0 855 853 923
2452 3 0 941 923 1187
2453 3 0 552 553 554
2454 3 0 562 560 563
2455 3 0 800 930 1817
2456 3 0 1146 1034 1377
2457 3 0 1048 1186 1225
2458 3 0 721 723 742
2459 3 0 1318 1332 1333
2460 3 0 964 1223 1256
2461 3 0 334 13 356
2462 3 0 2 122 357
2463 3 0 1093 1142 1143
2464 3 0 704 863 1004
2465 3 0 946 976 1080
2466 3 0 480 482 483
2467 3 0 1227 1226 1239
2468 3 0 922 800 1817
2469 3 0 1522 1515 1840
2470 3 0 1130 1086 1131
2471 3 0 1442 995 1443
2472 3 0 802 811 946
2473 3 0 124 125 365
2474 3 0 331 332 364
2475 3 0 826 980 1048
2476 3 0 891 892 903
2477 3 0 1859 963 1876
2478 3 0 577 576 1826
2479 3 0 122 123 1828
2480 3 0 520 521 522
2481 3 0 959 1826 1856
2482 3 0 1517 1515 1522
2483 3 0 518 519 520
2484 3 0 522 523 524
2485 3 0 1065 1347 1832
2486 3 0 1253 1255 1299
2487 3 0 529 530 531
2488 3 0 543 546 556
2489 3 0 835 834 964
2490 3 0 963 835 1066
2491 3 0 838 837 839
2492 3 0 1222 1220 1275
2493 3 0 1311 913 2005
2494 3 0 1368 992 1831
2495 3 0 941 1187 1214
2496 3 0 749 740 751
2497 3 0 930 1193 1817
2498 3 0 774 751 775
2499 3 0 576 1042 1826
2500 3 0 739 732 740
2501 3 0 1111 1112 1113
2502 3 0 1188 923 1851
2503 3 0 127 128 368
2504 3 0 328 329 369
2505 3 0 857 856 859
2506 3 0 774 775 798
2507 3 0 749 751 774
2508 3 0 957 1071 1185
2509 3 0 475 878 1067
2510 3 0 554 555 805
2511 3 0 553 551 561
2512 3 0 739 740 749
2513 3 0 855 923 941
2514 3 0 516 517 518
2515 3 0 1090 1091 1205
2516 3 0 806 834 835
2517 3 0 573 572 574
2518 3 0 1059 1060 1090
2519 3 0 755 763 802
2520 3 0 699 701 1841
2521 3 0 333 334 1827
2522 3 0 860 856 1845
2523 3 0 1105 970 1241
2524 3 0 744 743 1868
2525 3 0 968 864 1055
2526 3 0 130 131 394
2527 3 0 325 326 395
2528 3 0 863 705 1829
2529 3 0 552 551 553
2530 3 0 1148 1219 1220
2531 3 0 1444 1129 1862
2532 3 0 476 474 477
2533 3 0 707 776 1829
2534 3 0 1299 1300 1301
2535 3 0 779 772 780
2536 3 0 562 864 865
2537 3 0 805 555 806
2538 3 0 1039 1134 1562
2539 3 0 324 325 1833
2540 3 0 1885 1441 1889
2541 3 0 1090 1205 1363
2542 3 0 571 810 1808
2543 3 0 891 890 892
2544 3 0 731 732 739
2545 3 0 522 524 526
2546 3 0 1143 1144 1145
2547 3 0 1065 1064 1345
2548 3 0 570 571 1808
2549 3 0 1148 1061 1219
2550 3 0 1176 1053 1177
2551 3 0 774 799 1838
2552 3 0 1532 1533 2218
2553 3 0 478 477 479
2554 3 0 190 345 1812
2555 3 0 133 134 406
2556 3 0 322 323 407
2557 3 0 731 729 732
2558 3 0 1065 1345 1346
2559 3 0 750 749 1838
2560 3 0 1831 984 1871
2561 3 0 529 531 1049
2562 3 0 575 578 1836
2563 3 0 531 532 1849
2564 3 0 909 914 1844
2565 3 0 949 894 1104
2566 3 0 896 886 1869
2567 3 0 903 892 904
2568 3 0 1250 1251 1252
2569 3 0 865 968 975
2570 3 0 514 513 515
2571 3 0 134 135 1839
2572 3 0 321 322 1837
2573 3 0 705 707 1829
2574 3 0 738 745 1608
2575 3 0 891 1052 1869
2576 3 0 1251 1249 1894
2577 3 0 1058 1059 1061
2578 3 0 897 896 970
2579 3 0 460 189 1812
2580 3 0 554 553 555
2581 3 0 526 548 549
2582 3 0 135 3 466
2583 3 0 12 321 467
2584 3 0 549 550 551
2585 3 0 1049 1050 1056
2586 3 0 571 568 572
2587 3 0 873 1102 1103
2588 3 0 1430 1077 1431
2589 3 0 188 460 1811
2590 3 0 461 268 1815
2591 3 0 1056 1057 1058
2592 3 0 984 1543 1871
2593 3 0 888 889 890
2594 3 0 941 1215 1845
2595 3 0 854 853 855
2596 3 0 526 524 548
2597 3 0 1111 961 1112
2598 3 0 756 755 1852
2599 3 0 557 560 562
2600 3 0 1378 1034 1844
2601 3 0 1046 759 1852
2602 3 0 889 887 894
2603 3 0 549 548 550
2604 3 0 1034 909 1844
2605 3 0 263 462 1814
2606 3 0 950 1119 1120
2607 3 0 1117 1115 1349
2608 3 0 562 563 864
2609 3 0 355 187 1811
2610 3 0 269 354 1815
2611 3 0 770 769 777
2612 3 0 1591 1050 1849
2613 3 0 811 763 1063
2614 3 0 1049 531 1050
2615 3 0 525 529 1850
2616 3 0 806 963 1859
2617 3 0 1080 976 1266
2618 3 0 850 852 858
2619 3 0 787 785 794
2620 3 0 845 844 873
2621 3 0 1103 1139 1236
2622 3 0 1056 1050 1057
2623 3 0 783 781 784
2624 3 0 1248 1249 1250
2625 3 0 524 525 1850
2626 3 0 1058 1057 1059
2627 3 0 571 572 573
2628 3 0 1511 1525 1840
2629 3 0 350 262 1814
2630 3 0 1328 1329 1330
2631 3 0 1826 1042 1856
2632 3 0 1119 1859 1876
2633 3 0 946 811 976
2634 3 0 565 568 570
2635 3 0 1434 1432 1436
2636 3 0 573 575 1836
2637 3 0 1002 1151 1194
2638 3 0 810 573 1836
2639 3 0 1042 1218 1856
2640 3 0 950 906 1119
2641 3 0 1113 1112 1362
2642 3 0 865 864 968
2643 3 0 1124 997 1442
2644 3 0 1047 1064 1065
2645 3 0 755 747 763
2646 3 0 261 350 1818
2647 3 0 975 968 1182
2648 3 0 1167 1629 1846
2649 3 0 514 515 516
2650 3 0 507 505 544
2651 3 0 1099 1098 1172
2652 3 0 882 883 885
2653 3 0 838 839 840
2654 3 0 828 797 829
2655 3 0 802 763 811
2656 3 0 791 759 1046
2657 3 0 856 855 1845
2658 3 0 465 260 1818
2659 3 0 957 482 977
2660 3 0 817 815 1854
2661 3 0 852 853 854
2662 3 0 949 1104 1226
2663 3 0 570 568 571
2664 3 0 480 479 482
2665 3 0 762 760 1835
2666 3 0 1794 1006 1880
2667 3 0 1091 1093 1843
2668 3 0 532 537 1849
2669 3 0 556 557 1834
2670 3 0 1231 981 1303
2671 3 0 472 473 474
2672 3 0 464 197 1822
2673 3 0 259 465 1820
2674 3 0 749 774 1838
2675 3 0 1071 977 1283
2676 3 0 534 533 1893
2677 3 0 1047 1046 1064
2678 3 0 815 813 1132
2679 3 0 885 883 886
2680 3 0 854 857 1847
2681 3 0 701 704 1841
2682 3 0 198 359 1822
2683 3 0 358 258 1820
2684 3 0 769 762 1835
2685 3 0 791 1046 1047
2686 3 0 755 802 1852
2687 3 0 529 1049 1850
2688 3 0 704 1004 1841
2689 3 0 483 482 957
2690 3 0 1205 1091 1843
2691 3 0 501 499 558
2692 3 0 1006 1007 1880
2693 3 0 781 780 1825
2694 3 0 489 487 874
2695 3 0 855 941 1845
2696 3 0 1048 1225 1855
2697 3 0 1368 1831 1871
2698 3 0 495 493 569
2699 3 0 889 894 949
2700 3 0 1160 1159 1364
2701 3 0 479 477 481
2702 3 0 760 791 1835
2703 3 0 873 1103 1860
2704 3 0 795 794 826
2705 3 0 955 817 1854
2706 3 0 1055 864 1872
2707 3 0 512 511 513
2708 3 0 888 887 889
2709 3 0 832 830 836
2710 3 0 906 805 1859
2711 3 0 805 806 1859
2712 3 0 1050 531 1849
2713 3 0 1249 962 1870
2714 3 0 893 890 1864
2715 3 0 886 887 888
2716 3 0 538 542 1874
2717 3 0 561 1899 1903
2718 3 0 1053 903 1848
2719 3 0 557 562 1834
2720 3 0 1215 1294 1865
2721 3 0 885 886 896
2722 3 0 886 883 887
2723 3 0 1048 980 1186
2724 3 0 1244 1053 1848
2725 3 0 1156 1295 1298
2726 3 0 359 1099 1822
2727 3 0 839 837 929
2728 3 0 1093 1143 1843
2729 3 0 431 1976 2240
2730 3 0 925 924 1198
2731 3 0 832 836 837
2732 3 0 957 977 1071
2733 3 0 537 538 1874
2734 3 0 562 865 1834
2735 3 0 903 904 1848
2736 3 0 565 567 568
2737 3 0 475 1067 1866
2738 3 0 1085 1086 1130
2739 3 0 1313 1315 1317
2740 3 0 1071 1283 1285
2741 3 0 845 873 1860
2742 3 0 1219 1061 1853
2743 3 0 357 122 1828
2744 3 0 548 524 1850
2745 3 0 888 891 1869
2746 3 0 826 794 962
2747 3 0 785 784 1870
2748 3 0 802 946 1884
2749 3 0 356 1278 1827
2750 3 0 512 513 514
2751 3 0 949 1227 1864
2752 3 0 507 544 1878
2753 3 0 784 781 1825
2754 3 0 1405 1413 1940
2755 3 0 1086 358 1820
2756 3 0 1431 1077 1528
2757 3 0 516 518 541
2758 3 0 1061 1059 1853
2759 3 0 980 962 1248
2760 3 0 834 555 1858
2761 3 0 1119 906 1859
2762 3 0 466 1360 1839
2763 3 0 334 356 1827
2764 3 0 727 729 731
2765 3 0 852 851 853
2766 3 0 553 561 1858
2767 3 0 883 881 1886
2768 3 0 1880 1562 1893
2769 3 0 1092 1591 1891
2770 3 0 1090 1363 1853
2771 3 0 794 785 1870
2772 3 0 1059 1090 1853
2773 3 0 1004 1089 1863
2774 3 0 1544 509 1878
2775 3 0 1432 1431 1881
2776 3 0 555 553 1858
2777 3 0 826 962 980
2778 3 0 740 732 1954
2779 3 0 890 889 1864
2780 3 0 563 565 1872
2781 3 0 325 395 1833
2782 3 0 864 563 1872
2783 3 0 1142 1141 1877
2784 3 0 850 851 852
2785 3 0 747 744 1868
2786 3 0 1058 1147 1892
2787 3 0 1398 1395 1914
2788 3 0 526 1502 1885
2789 3 0 1911 777 1918
2790 3 0 406 134 1839
2791 3 0 322 407 1837
2792 3 0 1103 1236 1237
2793 3 0 1039 1562 1880
2794 3 0 882 881 883
2795 3 0 963 1235 1876
2796 3 0 815 1132 1854
2797 3 0 512 514 566
2798 3 0 135 466 1839
2799 3 0 467 321 1837
2800 3 0 797 795 1861
2801 3 0 843 841 844
2802 3 0 504 505 506
2803 3 0 733 728 1867
2804 3 0 1850 1049 1883
2805 3 0 522 526 1885
2806 3 0 1362 754 1927
2807 3 0 850 849 851
2808 3 0 565 570 1872
2809 3 0 1841 1004 1863
2810 3 0 813 733 1867
2811 3 0 889 949 1864
2812 3 0 1007 1039 1880
2813 3 0 548 1850 1883
2814 3 0 936 937 1159
2815 3 0 1824 1150 1919
2816 3 0 1321 467 1837
2817 3 0 795 826 1861
2818 3 0 1868 743 1896
2819 3 0 1794 1880 1893
2820 3 0 745 766 1608
2821 3 0 936 1160 1907
2822 3 0 880 881 882
2823 3 0 1884 946 1895
2824 3 0 1447 1448 1896
2825 3 0 861 849 1890
2826 3 0 962 794 1870
2827 3 0 520 522 1885
2828 3 0 946 1080 1895
2829 3 0 1063 763 1868
2830 3 0 1103 1237 1860
2831 3 0 840 839 841
2832 3 0 763 747 1868
2833 3 0 1149 1877 1906
2834 3 0 846 848 952
2835 3 0 510 511 512
2836 3 0 474 473 475
2837 3 0 477 474 1866
2838 3 0 878 879 880
2839 3 0 847 845 1860
2840 3 0 977 482 1875
2841 3 0 1436 1432 1881
2842 3 0 829 797 1861
2843 3 0 510 509 511
2844 3 0 848 849 850
2845 3 0 1132 813 1867
2846 3 0 881 1054 1886
2847 3 0 1429 369 2139
2848 3 0 848 847 849
2849 3 0 572 568 1879
2850 3 0 1049 1056 1883
2851 3 0 482 479 1875
2852 3 0 481 477 1866
2853 3 0 479 481 1875
2854 3 0 1112 1917 1929
2855 3 0 550 548 1883
2856 3 0 359 1088 1098
2857 3 0 947 1075 1140
2858 3 0 1887 1176 1898
2859 3 0 1084 358 1085
2860 3 0 474 475 1866
2861 3 0 1237 1236 1238
2862 3 0 1150 1170 1934
2863 3 0 894 887 1886
2864 3 0 1860 1237 1890
2865 3 0 843 845 846
2866 3 0 1084 1085 1087
2867 3 0 846 845 847
2868 3 0 509 507 1878
2869 3 0 843 844 845
2870 3 0 1630 411 2004
2871 3 0 1260 1231 1261
2872 3 0 1063 1868 1896
2873 3 0 1477 1476 1888
2874 3 0 881 879 1054
2875 3 0 1849 537 1891
2876 3 0 550 1883 1892
2877 3 0 847 1860 1890
2878 3 0 1883 1056 1892
2879 3 0 846 847 848
2880 3 0 1064 1046 1884
2881 3 0 567 913 1879
2882 3 0 561 551 1899
2883 3 0 1596 1134 1905
2884 3 0 568 567 1879
2885 3 0 518 520 1889
2886 3 0 880 879 881
2887 3 0 1046 1852 1884
2888 3 0 887 883 1886
2889 3 0 1148 1221 1903
2890 3 0 1932 1051 1943
2891 3 0 793 792 924
2892 3 0 1869 1052 1887
2893 3 0 506 505 507
2894 3 0 541 518 1889
2895 3 0 520 1885 1889
2896 3 0 1134 1135 1905
2897 3 0 1899 1147 1903
2898 3 0 1852 802 1884
2899 3 0 1769 2023 2149
2900 3 0 1064 1884 1895
2901 3 0 356 13 1081
2902 3 0 1035 1108 1915
2903 3 0 503 501 1902
2904 3 0 542 543 1906
2905 3 0 936 925 937
2906 3 0 1098 1088 1311
2907 3 0 8 358 1084
2908 3 0 1160 1365 1937
2909 3 0 896 1869 1887
2910 3 0 508 507 509
2911 3 0 1464 1228 2219
2912 3 0 970 896 1887
2913 3 0 1591 1849 1891
2914 3 0 533 1794 1893
2915 3 0 839 929 1882
2916 3 0 1056 1058 1892
2917 3 0 1870 784 1894
2918 3 0 766 792 793
2919 3 0 508 509 510
2920 3 0 1919 1150 1934
2921 3 0 356 1081 1257
2922 3 0 1045 1908 1920
2923 3 0 933 1719 1981
2924 3 0 12 467 969
2925 3 0 1419 1422 1956
2926 3 0 2041 1180 2141
2927 3 0 537 1874 1891
2928 3 0 359 7 1088
2929 3 0 793 925 936
2930 3 0 1815 354 2081
2931 3 0 1345 1064 1895
2932 3 0 784 1825 1894
2933 3 0 969 467 1320
2934 3 0 840 841 842
2935 3 0 1441 1068 1897
2936 3 0 841 839 1882
2937 3 0 133 406 1904
2938 3 0 1249 1870 1894
2939 3 0 1877 542 1906
2940 3 0 485 483 1912
2941 3 0 849 847 1890
2942 3 0 842 841 843
2943 3 0 506 507 508
2944 3 0 743 1447 1896
2945 3 0 844 841 1882
2946 3 0 722 720 1924
2947 3 0 419 1617 2089
2948 3 0 1823 780 1911
2949 3 0 551 550 1899
2950 3 0 1377 424 2057
2951 3 0 453 1731 2248
2952 3 0 957 1185 1912
2953 3 0 1892 1147 1899
2954 3 0 394 131 1909
2955 3 0 770 777 1911
2956 3 0 1854 1490 1917
2957 3 0 871 1774 1921
2958 3 0 1025 1232 1921
2959 3 0 878 877 879
2960 3 0 1241 970 1898
2961 3 0 718 716 1928
2962 3 0 1407 1404 1940
2963 3 0 1300 1255 1918
2964 3 0 780 772 1911
2965 3 0 970 1887 1898
2966 3 0 541 1307 2038
2967 3 0 475 877 878
2968 3 0 1045 1858 1908
2969 3 0 1149 1906 1916
2970 3 0 810 1836 1915
2971 3 0 1011 1164 1926
2972 3 0 1085 1130 1923
2973 3 0 1916 1044 1930
2974 3 0 1937 1365 1947
2975 3 0 132 133 1904
2976 3 0 472 471 473
2977 3 0 501 558 1902
2978 3 0 1908 1221 1920
2979 3 0 475 473 877
2980 3 0 731 1481 2042
2981 3 0 1257 1402 2150
2982 3 0 13 335 2048
2983 3 0 1112 961 1917
2984 3 0 1823 1911 1918
2985 3 0 1063 1824 1919
2986 3 0 550 1892 1899
2987 3 0 955 1854 1917
2988 3 0 1460 2013 2119
2989 3 0 491 489 1922
2990 3 0 1311 1088 1900
2991 3 0 969 1320 1323
2992 3 0 1146 1377 2057
2993 3 0 466 471 472
2994 3 0 1230 1231 1260
2995 3 0 811 1063 1919
2996 3 0 1834 1044 1916
2997 3 0 1147 1148 1903
2998 3 0 793 924 925
2999 3 0 1135 1138 1905
3000 3 0 497 495 1925
3001 3 0 1139 1592 1970
3002 3 0 543 556 1906
3003 3 0 1113 1362 1927
3004 3 0 861 1890 1901
3005 3 0 1533 1000 2218
3006 3 0 1349 1115 1927
3007 3 0 776 1519 2034
3008 3 0 431 1459 1976
3009 3 0 1375 1962 2036
3010 3 0 1237 1238 1901
3011 3 0 1365 1941 1947
3012 3 0 1460 427 2013
3013 3 0 1917 1490 1929
3014 3 0 131 132 1909
3015 3 0 1890 1237 1901
3016 3 0 1347 1346 2114
3017 3 0 1804 777 1932
3018 3 0 1435 1434 1972
3019 3 0 741 1924 1929
3020 3 0 1117 1349 1931
3021 3 0 1501 283 1949
3022 3 0 130 394 1933
3023 3 0 366 1345 1973
3024 3 0 132 1904 1909
3025 3 0 1835 1051 1932
3026 3 0 777 769 1932
3027 3 0 927 357 947
3028 3 0 284 431 1949
3029 3 0 1536 1535 2159
3030 3 0 730 734 1947
3031 3 0 1903 1221 1908
3032 3 0 3 136 2056
3033 3 0 1900 376 2100
3034 3 0 1858 561 1908
3035 3 0 368 128 1935
3036 3 0 2 357 927
3037 3 0 927 947 981
3038 3 0 1185 1071 1939
3039 3 0 1621 1616 1944
3040 3 0 424 1377 1958
3041 3 0 1615 1618 1944
3042 3 0 1230 981 1231
3043 3 0 1464 436 1952
3044 3 0 772 770 1911
3045 3 0 1804 1932 1943
3046 3 0 466 3 471
3047 3 0 324 1833 1938
3048 3 0 407 323 1938
3049 3 0 1924 1362 1929
3050 3 0 2036 1962 2074
3051 3 0 1412 1411 1956
3052 3 0 894 1886 1913
3053 3 0 871 1921 1977
3054 3 0 1395 1397 1914
3055 3 0 1149 1916 1930
3056 3 0 1836 1035 1915
3057 3 0 1608 766 1907
3058 3 0 1906 556 1916
3059 3 0 1504 344 2210
3060 3 0 281 426 1961
3061 3 0 461 1504 2210
3062 3 0 902 1636 1948
3063 3 0 620 621 1948
3064 3 0 1837 407 1910
3065 3 0 483 957 1912
3066 3 0 1298 179 2214
3067 3 0 927 981 1230
3068 3 0 243 244 1950
3069 3 0 1337 804 2019
3070 3 0 1577 1588 1952
3071 3 0 1081 13 2048
3072 3 0 229 1747 1953
3073 3 0 455 228 1953
3074 3 0 1886 1054 1913
3075 3 0 1711 1713 1965
3076 3 0 1731 1942 2248
3077 3 0 174 425 1964
3078 3 0 118 119 1957
3079 3 0 127 368 1945
3080 3 0 1494 1808 2193
3081 3 0 1907 1160 1937
3082 3 0 1264 1598 2190
3083 3 0 1324 1325 1326
3084 3 0 961 955 1917
3085 3 0 454 315 1958
3086 3 0 316 424 1958
3087 3 0 556 1834 1916
3088 3 0 1818 2064 2227
3089 3 0 1044 1168 1930
3090 3 0 793 936 1907
3091 3 0 561 1903 1908
3092 3 0 732 729 1941
3093 3 0 1490 741 1929
3094 3 0 1321 1837 1910
3095 3 0 1223 1045 1920
3096 3 0 365 125 1951
3097 3 0 1707 1709 1965
3098 3 0 1324 1323 1325
3099 3 0 1774 1025 1921
3100 3 0 969 1323 1324
3101 3 0 976 811 1919
3102 3 0 1080 1267 1973
3103 3 0 1221 1222 1920
3104 3 0 741 722 1924
3105 3 0 766 793 1907
3106 3 0 1087 1085 1923
3107 3 0 1177 1750 2008
3108 3 0 1255 1823 1918
3109 3 0 1154 1156 1959
3110 3 0 2101 461 2258
3111 3 0 1121 1011 1926
3112 3 0 1669 420 1993
3113 3 0 328 369 1960
3114 3 0 489 874 1922
3115 3 0 1115 1113 1927
3116 3 0 754 718 1928
3117 3 0 1434 1179 1972
3118 3 0 106 107 1969
3119 3 0 351 195 1963
3120 3 0 196 464 1963
3121 3 0 495 569 1925
3122 3 0 1592 291 1970
3123 3 0 129 130 1933
3124 3 0 1663 429 2030
3125 3 0 1144 1149 1930
3126 3 0 1976 1225 2240
3127 3 0 976 1919 1934
3128 3 0 1245 1117 1931
3129 3 0 124 365 1966
3130 3 0 1828 123 1966
3131 3 0 1362 1112 1929
3132 3 0 1341 379 1992
3133 3 0 292 409 1970
3134 3 0 1096 1322 2151
3135 3 0 1456 1458 1976
3136 3 0 1178 1195 2196
3137 3 0 769 1835 1932
3138 3 0 964 1256 1971
3139 3 0 1066 835 1971
3140 3 0 1546 1547 1975
3141 3 0 1266 976 1934
3142 3 0 481 1423 1968
3143 3 0 1365 1364 1954
3144 3 0 128 129 1935
3145 3 0 129 1933 1935
3146 3 0 1921 1688 1977
3147 3 0 1611 1575 1983
3148 3 0 323 324 1938
3149 3 0 1644 1770 1977
3150 3 0 717 719 1974
3151 3 0 737 1608 1937
3152 3 0 1608 1907 1937
3153 3 0 1797 934 1967
3154 3 0 1722 1724 1980
3155 3 0 400 1281 2153
3156 3 0 1138 1137 1936
3157 3 0 1404 1405 1940
3158 3 0 1071 1285 1939
3159 3 0 1719 1717 1981
3160 3 0 1718 1723 1981
3161 3 0 1388 1391 2017
3162 3 0 1288 2111 2250
3163 3 0 1700 1705 1985
3164 3 0 113 114 1982
3165 3 0 14 15 1983
3166 3 0 426 1501 2128
3167 3 0 152 153 1986
3168 3 0 303 304 1985
3169 3 0 310 311 1984
3170 3 0 729 730 1941
3171 3 0 364 332 1978
3172 3 0 1785 612 1988
3173 3 0 333 1827 1978
3174 3 0 377 1338 2043
3175 3 0 1712 470 1984
3176 3 0 1457 1454 1999
3177 3 0 471 3 2056
3178 3 0 1202 2113 2251
3179 3 0 1875 481 1968
3180 3 0 1051 1832 1943
3181 3 0 1728 390 1989
3182 3 0 248 249 1989
3183 3 0 737 1937 1947
3184 3 0 508 1279 1994
3185 3 0 1302 1943 1955
3186 3 0 750 1838 2066
3187 3 0 1227 1240 1995
3188 3 0 1707 914 2098
3189 3 0 1370 1901 1946
3190 3 0 369 1429 2169
3191 3 0 1302 1804 1943
3192 3 0 207 445 1992
3193 3 0 379 206 1992
3194 3 0 1616 1615 1944
3195 3 0 458 1274 2242
3196 3 0 1274 401 2242
3197 3 0 1974 719 2058
3198 3 0 1793 1633 1993
3199 3 0 1295 1296 1991
3200 3 0 126 127 1945
3201 3 0 445 1716 1996
3202 3 0 876 506 1994
3203 3 0 1023 1692 2236
3204 3 0 1617 419 2217
3205 3 0 1693 73 1997
3206 3 0 74 418 1997
3207 3 0 1943 1832 1955
3208 3 0 2025 1855 2245
3209 3 0 1523 1549 2093
3210 3 0 734 737 1947
3211 3 0 621 902 1948
3212 3 0 1313 1317 1991
3213 3 0 1026 1776 2001
3214 3 0 126 1945 1951
3215 3 0 125 126 1951
3216 3 0 1784 620 2003
3217 3 0 1387 255 2015
3218 3 0 244 389 1950
3219 3 0 1307 1261 2035
3220 3 0 1439 1936 2076
3221 3 0 1573 1571 2007
3222 3 0 436 1577 1952
3223 3 0 40 41 2004
3224 3 0 1988 612 2104
3225 3 0 283 284 1949
3226 3 0 1345 1895 1973
3227 3 0 570 1808 2000
3228 3 0 228 229 1953
3229 3 0 1566 1567 2007
3230 3 0 1744 1101 2249
3231 3 0 1750 158 2008
3232 3 0 165 1593 2006
3233 3 0 975 1182 2002
3234 3 0 1411 1419 1956
3235 3 0 1340 1341 1967
3236 3 0 893 1864 1995
3237 3 0 159 421 2008
3238 3 0 1293 453 2248
3239 3 0 1531 1597 2079
3240 3 0 1832 1347 1955
3241 3 0 408 164 2006
3242 3 0 978 1530 2051
3243 3 0 315 316 1958
3244 3 0 327 328 1960
3245 3 0 363 118 1957
3246 3 0 1098 1311 2005
3247 3 0 1813 1340 1967
3248 3 0 249 250 2012
3249 3 0 1156 1298 1959
3250 3 0 1196 1910 2148
3251 3 0 1901 1238 1946
3252 3 0 345 191 2009
3253 3 0 1573 1817 2192
3254 3 0 192 463 2009
3255 3 0 1941 1365 1954
3256 3 0 1310 389 2146
3257 3 0 441 1344 2059
3258 3 0 1303 981 2011
3259 3 0 280 281 1961
3260 3 0 1299 397 2254
3261 3 0 87 423 2014
3262 3 0 459 86 2014
3263 3 0 1671 383 1962
3264 3 0 256 393 2015
3265 3 0 732 1941 1954
3266 3 0 1055 1872 2000
3267 3 0 934 1813 1967
3268 3 0 1272 1369 2010
3269 3 0 1709 1711 1965
3270 3 0 276 277 2018
3271 3 0 1304 463 2162
3272 3 0 1222 1275 1969
3273 3 0 1390 1388 2017
3274 3 0 195 196 1963
3275 3 0 371 181 2021
3276 3 0 182 1532 2021
3277 3 0 1012 1097 2019
3278 3 0 804 1779 2019
3279 3 0 773 713 2016
3280 3 0 715 753 2016
3281 3 0 928 1678 2065
3282 3 0 1828 1966 2046
3283 3 0 173 174 1964
3284 3 0 123 124 1966
3285 3 0 175 176 2020
3286 3 0 1556 1557 1987
3287 3 0 1279 510 2022
3288 3 0 1082 1272 2010
3289 3 0 1735 386 2023
3290 3 0 1344 441 2062
3291 3 0 44 1746 2024
3292 3 0 412 43 2024
3293 3 0 1576 1574 2062
3294 3 0 1284 1875 1968
3295 3 0 947 1140 2011
3296 3 0 1229 1041 2034
3297 3 0 372 1536 2056
3298 3 0 1334 1342 1979
3299 3 0 1100 1101 2026
3300 3 0 1936 1172 2076
3301 3 0 1422 1421 2046
3302 3 0 291 292 1970
3303 3 0 1772 1648 2029
3304 3 0 1281 1247 2029
3305 3 0 151 469 2030
3306 3 0 429 150 2030
3307 3 0 1318 425 2186
3308 3 0 107 404 1969
3309 3 0 452 296 2039
3310 3 0 201 202 2032
3311 3 0 1145 1554 1998
3312 3 0 1746 413 2031
3313 3 0 512 566 2022
3314 3 0 400 56 2033
3315 3 0 57 451 2033
3316 3 0 1780 920 2036
3317 3 0 317 318 2037
3318 3 0 836 830 2025
3319 3 0 1623 1621 2069
3320 3 0 835 964 1971
3321 3 0 968 1055 2028
3322 3 0 1104 1537 2082
3323 3 0 1661 1664 2095
3324 3 0 1895 1080 1973
3325 3 0 1848 2088 2171
3326 3 0 1305 1306 1990
3327 3 0 1829 776 2034
3328 3 0 1961 1252 2123
3329 3 0 1231 1303 2035
3330 3 0 1244 1848 2171
3331 3 0 297 375 2039
3332 3 0 465 1319 2142
3333 3 0 829 1855 2025
3334 3 0 1815 2081 2258
3335 3 0 1095 943 2051
3336 3 0 243 1950 2103
3337 3 0 1843 1143 1998
3338 3 0 1459 1456 1976
3339 3 0 1660 448 2131
3340 3 0 459 1625 2198
3341 3 0 1338 1189 2043
3342 3 0 2057 1330 2187
3343 3 0 1143 1145 1998
3344 3 0 1277 1429 2139
3345 3 0 1678 1676 2065
3346 3 0 1912 1185 1979
3347 3 0 1327 952 2075
3348 3 0 1070 1857 1987
3349 3 0 1421 876 2063
3350 3 0 753 717 1974
3351 3 0 1748 235 2044
3352 3 0 236 447 2044
3353 3 0 1745 388 2026
3354 3 0 1547 1589 1975
3355 3 0 516 541 2038
3356 3 0 2046 1421 2063
3357 3 0 1105 1241 2047
3358 3 0 367 1531 2052
3359 3 0 1587 1582 2050
3360 3 0 332 333 1978
3361 3 0 1230 1260 2207
3362 3 0 1770 871 1977
3363 3 0 1290 384 2067
3364 3 0 566 514 2038
3365 3 0 937 925 2027
3366 3 0 277 278 2054
3367 3 0 727 731 2042
3368 3 0 1402 926 2150
3369 3 0 1128 1734 2053
3370 3 0 1724 381 1980
3371 3 0 1118 1128 2053
3372 3 0 1234 1116 2064
3373 3 0 1856 1218 2043
3374 3 0 1287 1437 2070
3375 3 0 1335 1979 2117
3376 3 0 1957 1120 2073
3377 3 0 362 339 2059
3378 3 0 318 319 2060
3379 3 0 340 441 2059
3380 3 0 1537 1538 2082
3381 3 0 1126 1683 2173
3382 3 0 1484 1974 2058
3383 3 0 1600 1587 2050
3384 3 0 1717 1718 1981
3385 3 0 1342 1912 1979
3386 3 0 1546 1811 2247
3387 3 0 430 172 2072
3388 3 0 114 1605 1982
3389 3 0 15 1611 1983
3390 3 0 304 1700 1985
3391 3 0 469 152 1986
3392 3 0 470 310 1984
3393 3 0 1169 1304 2070
3394 3 0 1676 1677 2065
3395 3 0 721 742 2058
3396 3 0 1736 1293 2260
3397 3 0 1526 1329 2216
3398 3 0 895 1438 2076
3399 3 0 384 222 2067
3400 3 0 223 444 2067
3401 3 0 1458 2025 2245
3402 3 0 1126 1785 1988
3403 3 0 1338 377 2168
3404 3 0 1638 1107 2045
3405 3 0 1154 1959 2125
3406 3 0 1888 1476 2066
3407 3 0 390 248 1989
3408 3 0 1554 353 1998
3409 3 0 1691 47 2078
3410 3 0 48 414 2078
3411 3 0 1488 831 2096
3412 3 0 1521 753 2172
3413 3 0 1853 1363 2061
3414 3 0 383 1749 2074
3415 3 0 1681 1988 2104
3416 3 0 1013 1026 2085
3417 3 0 1296 1313 1991
3418 3 0 1520 773 2147
3419 3 0 206 207 1992
3420 3 0 1966 1422 2046
3421 3 0 1739 1738 2001
3422 3 0 850 858 2075
3423 3 0 176 177 2091
3424 3 0 1592 1139 2127
3425 3 0 330 331 2086
3426 3 0 1978 1827 2230
3427 3 0 1617 1613 2089
3428 3 0 913 895 2005
3429 3 0 1165 1793 1993
3430 3 0 1185 1939 2117
3431 3 0 41 42 2090
3432 3 0 1175 2102 2156
3433 3 0 1716 1720 1996
3434 3 0 598 596 2092
3435 3 0 1175 2156 2209
3436 3 0 1864 1227 1995
3437 3 0 73 74 1997
3438 3 0 1119 1876 2073
3439 3 0 1180 1545 2141
3440 3 0 1354 1204 2105
3441 3 0 1454 1453 1999
3442 3 0 1692 1691 2236
3443 3 0 320 12 2077
3444 3 0 1393 1383 2133
3445 3 0 750 2066 2195
3446 3 0 952 848 2075
3447 3 0 1705 1701 2097
3448 3 0 1640 1638 2144
3449 3 0 1950 1206 2103
3450 3 0 506 508 1994
3451 3 0 1276 1277 2086
3452 3 0 121 2 2084
3453 3 0 1781 1270 2099
3454 3 0 1618 1617 2217
3455 3 0 1993 420 2118
3456 3 0 1506 1503 2040
3457 3 0 388 242 2103
3458 3 0 610 928 2104
3459 3 0 1258 1166 2100
3460 3 0 914 859 2098
3461 3 0 1936 1137 2049
3462 3 0 1997 418 2122
3463 3 0 1633 1191 2220
3464 3 0 1588 1584 2080
3465 3 0 1348 1095 2150
3466 3 0 1503 1110 2040
3467 3 0 275 370 2114
3468 3 0 1217 1630 2004
3469 3 0 2037 1330 2057
3470 3 0 397 279 2123
3471 3 0 1876 1235 2167
3472 3 0 452 1309 2246
3473 3 0 1133 1799 2130
3474 3 0 662 939 2109
3475 3 0 1378 1844 2183
3476 3 0 441 341 2110
3477 3 0 342 974 2110
3478 3 0 1799 422 2130
3479 3 0 382 219 2111
3480 3 0 1776 1641 2001
3481 3 0 2013 1527 2119
3482 3 0 147 448 2112
3483 3 0 1122 313 2115
3484 3 0 314 454 2115
3485 3 0 1030 1784 2003
3486 3 0 1699 1210 2202
3487 3 0 1168 975 2002
3488 3 0 1872 570 2000
3489 3 0 838 1096 2151
3490 3 0 1482 742 2252
3491 3 0 1191 1161 2122
3492 3 0 1791 598 2124
3493 3 0 411 40 2004
3494 3 0 1898 1176 2108
3495 3 0 1171 1082 2010
3496 3 0 1139 1102 2127
3497 3 0 1991 1317 2091
3498 3 0 1172 1098 2005
3499 3 0 1435 395 2238
3500 3 0 149 429 2131
3501 3 0 448 148 2131
3502 3 0 164 165 2006
3503 3 0 1350 6 2206
3504 3 0 1749 455 2170
3505 3 0 1369 403 2010
3506 3 0 1194 1151 2125
3507 3 0 363 1957 2073
3508 3 0 1516 1520 2147
3509 3 0 1518 1514 2147
3510 3 0 1121 1926 2089
3511 3 0 1484 1485 2172
3512 3 0 1571 1566 2007
3513 3 0 1284 1527 2013
3514 3 0 1939 430 2117
3515 3 0 810 1915 2193
3516 3 0 295 452 2246
3517 3 0 831 832 2151
3518 3 0 329 330 2139
3519 3 0 12 969 2077
3520 3 0 1517 1523 2140
3521 3 0 1959 371 2125
3522 3 0 798 922 2138
3523 3 0 840 842 2116
3524 3 0 389 1730 2146
3525 3 0 158 159 2008
3526 3 0 1131 1086 2142
3527 3 0 1186 980 2128
3528 3 0 191 192 2009
3529 3 0 1385 1387 2015
3530 3 0 1429 1430 2169
3531 3 0 1283 1284 2013
3532 3 0 1910 407 2148
3533 3 0 55 400 2153
3534 3 0 450 54 2153
3535 3 0 1351 1276 2215
3536 3 0 1609 803 2155
3537 3 0 1627 423 2191
3538 3 0 1550 361 2232
3539 3 0 1256 1223 2189
3540 3 0 1452 434 2190
3541 3 0 846 952 2137
3542 3 0 270 271 2163
3543 3 0 1478 1482 2252
3544 3 0 908 1380 2224
3545 3 0 171 430 2205
3546 3 0 1131 1343 2068
3547 3 0 377 203 2168
3548 3 0 1758 1109 2166
3549 3 0 250 392 2012
3550 3 0 1125 1126 2173
3551 3 0 180 371 2214
3552 3 0 1942 1705 2097
3553 3 0 1214 1187 2157
3554 3 0 1561 1181 2231
3555 3 0 112 1 2176
3556 3 0 1 113 2176
3557 3 0 343 0 2177
3558 3 0 0 14 2177
3559 3 0 153 5 2181
3560 3 0 10 303 2178
3561 3 0 302 10 2178
3562 3 0 11 312 2179
3563 3 0 311 11 2179
3564 3 0 5 154 2181
3565 3 0 4 145 2180
3566 3 0 144 4 2180
3567 3 0 1656 972 2180
3568 3 0 1463 1464 2219
3569 3 0 1207 1242 2182
3570 3 0 1094 998 2184
3571 3 0 463 193 2162
3572 3 0 194 351 2162
3573 3 0 1066 1971 2055
3574 3 0 412 1756 2208
3575 3 0 1479 1481 2195
3576 3 0 1374 1292 2185
3577 3 0 742 723 2164
3578 3 0 86 87 2014
3579 3 0 1175 294 2246
3580 3 0 590 1797 2257
3581 3 0 173 1964 2072
3582 3 0 255 256 2015
3583 3 0 2062 1574 2192
3584 3 0 1675 1676 2251
3585 3 0 1000 1533 2184
3586 3 0 221 384 2250
3587 3 0 1343 789 2068
3588 3 0 1101 1759 2249
3589 3 0 692 867 2244
3590 3 0 981 947 2011
3591 3 0 200 201 2237
3592 3 0 401 64 2242
3593 3 0 65 458 2242
3594 3 0 1820 465 2142
3595 3 0 419 81 2217
3596 3 0 842 843 2137
3597 3 0 1672 456 2239
3598 3 0 1022 1023 2236
3599 3 0 956 1030 2235
3600 3 0 1681 1680 2226
3601 3 0 1173 1206 2228
3602 3 0 7 199 2154
3603 3 0 1275 1220 2194
3604 3 0 1915 1495 2193
3605 3 0 1623 2069 2198
3606 3 0 344 266 2210
3607 3 0 267 461 2210
3608 3 0 713 715 2016
3609 3 0 9 1175 2209
3610 3 0 1253 1299 2254
3611 3 0 904 892 2200
3612 3 0 879 877 2159
3613 3 0 1222 1969 2094
3614 3 0 370 276 2018
3615 3 0 6 163 2206
3616 3 0 2 927 2084
3617 3 0 1000 1002 2218
3618 3 0 1317 1315 2186
3619 3 0 395 326 2238
3620 3 0 1530 1978 2230
3621 3 0 1764 1310 2146
3622 3 0 1145 1144 2199
3623 3 0 293 9 2209
3624 3 0 1319 465 2227
3625 3 0 2015 393 2133
3626 3 0 1779 1012 2019
3627 3 0 858 1526 2216
3628 3 0 1238 1236 2156
3629 3 0 1898 2108 2241
3630 3 0 1330 1329 2187
3631 3 0 1822 1099 2165
3632 3 0 939 1769 2149
3633 3 0 1923 908 2224
3634 3 0 1481 1480 2042
3635 3 0 877 473 2143
3636 3 0 789 1401 2068
3637 3 0 1969 404 2094
3638 3 0 1110 1450 2040
3639 3 0 425 175 2020
3640 3 0 1975 1589 2079
3641 3 0 1704 1707 2098
3642 3 0 271 272 2107
3643 3 0 181 182 2021
3644 3 0 1088 7 2154
3645 3 0 386 1741 2023
3646 3 0 2078 414 2203
3647 3 0 43 44 2024
3648 3 0 430 1939 2205
3649 3 0 2141 1545 2247
3650 3 0 510 512 2022
3651 3 0 1168 1553 2199
3652 3 0 830 829 2025
3653 3 0 1206 1100 2026
3654 3 0 1606 1066 2055
3655 3 0 1391 694 2244
3656 3 0 280 1961 2123
3657 3 0 1232 1213 2223
3658 3 0 1247 1772 2029
3659 3 0 2039 375 2157
3660 3 0 1182 968 2028
3661 3 0 150 151 2030
3662 3 0 1293 1214 2260
3663 3 0 925 1198 2027
3664 3 0 413 1692 2031
3665 3 0 1223 1920 2094
3666 3 0 202 377 2032
3667 3 0 1041 1829 2034
3668 3 0 371 1959 2214
3669 3 0 1683 382 2173
3670 3 0 56 57 2033
3671 3 0 1206 1950 2228
3672 3 0 1269 1780 2036
3673 3 0 1266 1934 2081
3674 3 0 1689 387 2071
3675 3 0 1733 1211 2203
3676 3 0 1974 1484 2172
3677 3 0 1559 362 2160
3678 3 0 1261 1231 2035
3679 3 0 1586 790 2204
3680 3 0 424 317 2037
3681 3 0 1339 1338 2168
3682 3 0 1162 1997 2122
3683 3 0 1301 1302 2225
3684 3 0 893 1995 2095
3685 3 0 1258 2100 2237
3686 3 0 1980 381 2113
3687 3 0 1497 399 2152
3688 3 0 396 1991 2091
3689 3 0 2095 1664 2200
3690 3 0 1971 1602 2055
3691 3 0 1183 1197 2136
3692 3 0 514 516 2038
3693 3 0 296 297 2039
3694 3 0 1181 1990 2231
3695 3 0 462 1506 2040
3696 3 0 389 1310 2228
3697 3 0 2071 387 2197
3698 3 0 1988 1681 2226
3699 3 0 1686 1648 2161
3700 3 0 327 1960 2238
3701 3 0 837 836 2126
3702 3 0 1320 1096 2116
3703 3 0 2002 1550 2232
3704 3 0 1165 1993 2118
3705 3 0 1205 1843 2106
3706 3 0 2080 1584 2204
3707 3 0 1812 345 2041
3708 3 0 1189 1856 2043
3709 3 0 1306 898 2231
3710 3 0 725 727 2042
3711 3 0 1692 1023 2166
3712 3 0 1203 1105 2047
3713 3 0 235 236 2044
3714 3 0 1234 1814 2188
3715 3 0 1734 415 2053
3716 3 0 803 1600 2050
3717 3 0 373 320 2077
3718 3 0 1688 1689 2071
3719 3 0 1930 1168 2199
3720 3 0 1665 1661 2095
3721 3 0 1662 1663 2087
3722 3 0 1698 1695 2120
3723 3 0 349 121 2084
3724 3 0 943 978 2051
3725 3 0 1137 1286 2049
3726 3 0 1075 1828 2046
3727 3 0 867 2017 2244
3728 3 0 1582 1585 2050
3729 3 0 1952 1588 2080
3730 3 0 1533 367 2052
3731 3 0 335 348 2048
3732 3 0 1075 2046 2063
3733 3 0 278 397 2054
3734 3 0 1646 1118 2053
3735 3 0 1226 1104 2082
3736 3 0 1269 2036 2074
3737 3 0 136 372 2056
3738 3 0 1108 1133 2130
3739 3 0 465 1818 2227
3740 3 0 319 373 2060
3741 3 0 719 721 2058
3742 3 0 1072 1505 2101
3743 3 0 339 340 2059
3744 3 0 364 1978 2215
3745 3 0 1109 2031 2166
3746 3 0 1336 1097 2083
3747 3 0 1193 1344 2062
3748 3 0 1219 1853 2061
3749 3 0 2020 1317 2186
3750 3 0 1116 1158 2064
3751 3 0 1140 1075 2063
3752 3 0 1309 1946 2102
3753 3 0 1704 2098 2234
3754 3 0 1621 1944 2069
3755 3 0 1677 1681 2065
3756 3 0 1476 1540 2066
3757 3 0 1437 1169 2070
3758 3 0 2068 1401 2221
3759 3 0 222 223 2067
3760 3 0 1385 2015 2133
3761 3 0 2042 1480 2164
3762 3 0 1130 1131 2068
3763 3 0 1229 2034 2140
3764 3 0 402 1668 2069
3765 3 0 1934 1170 2081
3766 3 0 1644 1977 2071
3767 3 0 362 2059 2160
3768 3 0 172 173 2072
3769 3 0 420 1685 2118
3770 3 0 2023 1741 2149
3771 3 0 1995 1665 2095
3772 3 0 1329 1526 2187
3773 3 0 1635 1171 2121
3774 3 0 1495 1494 2193
3775 3 0 2052 1094 2184
3776 3 0 1438 1439 2076
3777 3 0 1656 146 2112
3778 3 0 1644 2071 2197
3779 3 0 1545 1546 2247
3780 3 0 1120 1119 2073
3781 3 0 1843 1998 2106
3782 3 0 1589 1094 2079
3783 3 0 1939 1285 2205
3784 3 0 434 1592 2127
3785 3 0 393 257 2229
3786 3 0 1089 1952 2080
3787 3 0 47 48 2078
3788 3 0 1729 911 2145
3789 3 0 848 850 2075
3790 3 0 1695 1694 2120
3791 3 0 1355 1593 2212
3792 3 0 1538 374 2082
3793 3 0 1863 1089 2080
3794 3 0 1097 1210 2083
3795 3 0 1205 2106 2233
3796 3 0 1981 1723 2092
3797 3 0 435 1460 2119
3798 3 0 1210 1013 2085
3799 3 0 1099 2049 2165
3800 3 0 2008 421 2108
3801 3 0 2018 1301 2225
3802 3 0 1683 1126 2226
3803 3 0 1664 1662 2087
3804 3 0 331 364 2086
3805 3 0 272 366 2107
3806 3 0 1326 1328 2222
3807 3 0 969 1324 2077
3808 3 0 1613 1121 2089
3809 3 0 1977 1688 2071
3810 3 0 2041 345 2158
3811 3 0 177 396 2091
3812 3 0 1549 398 2093
3813 3 0 42 412 2090
3814 3 0 1944 402 2069
3815 3 0 1812 2041 2141
3816 3 0 1260 1263 2207
3817 3 0 1574 1573 2192
3818 3 0 927 1230 2084
3819 3 0 408 2105 2174
3820 3 0 596 933 2092
3821 3 0 1214 2157 2260
3822 3 0 1625 1623 2198
3823 3 0 1197 2012 2136
3824 3 0 2056 1536 2143
3825 3 0 1294 1293 2248
3826 3 0 1196 1488 2096
3827 3 0 397 2123 2254
3828 3 0 1833 395 2196
3829 3 0 1280 2039 2157
3830 3 0 929 837 2126
3831 3 0 2053 415 2161
3832 3 0 725 2042 2164
3833 3 0 1381 1087 2224
3834 3 0 1996 1720 2135
3835 3 0 461 1815 2258
3836 3 0 1108 2130 2255
3837 3 0 2028 1497 2152
3838 3 0 1978 1530 2215
3839 3 0 2118 1685 2243
3840 3 0 1701 1703 2097
3841 3 0 2074 1749 2170
3842 3 0 1973 1267 2107
3843 3 0 1379 1241 2241
3844 3 0 1213 1781 2099
3845 3 0 2003 1698 2120
3846 3 0 1998 353 2106
3847 3 0 1166 1167 2100
3848 3 0 859 860 2098
3849 3 0 1959 1298 2214
3850 3 0 1646 2053 2161
3851 3 0 1204 1203 2105
3852 3 0 1170 1072 2101
3853 3 0 1191 2122 2220
3854 3 0 353 1487 2106
3855 3 0 1865 1703 2234
3856 3 0 348 1556 2129
3857 3 0 242 243 2103
3858 3 0 2067 444 2185
3859 3 0 612 610 2104
3860 3 0 1962 383 2074
3861 3 0 1203 2047 2174
3862 3 0 1171 2010 2121
3863 3 0 1130 2068 2221
3864 3 0 457 1699 2202
3865 3 0 1920 1222 2094
3866 3 0 1259 1183 2136
3867 3 0 1323 1320 2116
3868 3 0 1756 1216 2208
3869 3 0 1638 2045 2144
3870 3 0 2073 1876 2167
3871 3 0 1212 2078 2203
3872 3 0 1193 2062 2192
3873 3 0 1219 2061 2194
3874 3 0 1748 1243 2197
3875 3 0 2066 1540 2195
3876 3 0 1176 1177 2108
3877 3 0 1584 1586 2204
3878 3 0 1553 1168 2232
3879 3 0 664 662 2109
3880 3 0 2152 1551 2256
3881 3 0 2010 403 2121
3882 3 0 2064 1158 2227
3883 3 0 341 342 2110
3884 3 0 219 220 2111
3885 3 0 2069 1668 2198
3886 3 0 1942 1294 2248
3887 3 0 1657 1656 2112
3888 3 0 146 147 2112
3889 3 0 414 1733 2203
3890 3 0 1096 840 2116
3891 3 0 381 1674 2113
3892 3 0 274 275 2114
3893 3 0 2048 348 2129
3894 3 0 313 314 2115
3895 3 0 408 2174 2206
3896 3 0 435 2119 2212
3897 3 0 1226 2082 2211
3898 3 0 742 2164 2252
3899 3 0 1402 1081 2213
3900 3 0 1457 1999 2126
3901 3 0 926 1348 2150
3902 3 0 1450 1234 2188
3903 3 0 1164 1165 2118
3904 3 0 1392 2175 2261
3905 3 0 1294 1942 2097
3906 3 0 1527 1357 2119
3907 3 0 1628 1627 2191
3908 3 0 1738 457 2202
3909 3 0 403 1672 2121
3910 3 0 1161 1162 2122
3911 3 0 279 280 2123
3912 3 0 1201 1791 2124
3913 3 0 2108 421 2241
3914 3 0 1182 2152 2256
3915 3 0 1972 1178 2196
3916 3 0 2048 2129 2213
3917 3 0 366 1973 2107
3918 3 0 1960 369 2169
3919 3 0 1216 1217 2208
3920 3 0 373 2077 2222
3921 3 0 2051 1530 2230
3922 3 0 2081 1170 2258
3923 3 0 422 1498 2130
3924 3 0 1151 1154 2125
3925 3 0 1102 1264 2127
3926 3 0 2075 858 2216
3927 3 0 345 2009 2158
3928 3 0 395 1972 2196
3929 3 0 2040 1450 2188
3930 3 0 933 1981 2092
3931 3 0 148 149 2131
3932 3 0 1950 389 2228
3933 3 0 399 1551 2152
3934 3 0 980 1248 2128
3935 3 0 1946 1238 2102
3936 3 0 1651 1653 2132
3937 3 0 1863 2080 2204
3938 3 0 1087 1923 2224
3939 3 0 1383 1385 2133
3940 3 0 1800 1628 2191
3941 3 0 1703 1704 2234
3942 3 0 1526 1146 2187
3943 3 0 424 2037 2057
3944 3 0 1164 2118 2243
3945 3 0 1241 1898 2241
3946 3 0 392 1392 2261
3947 3 0 911 1764 2145
3948 3 0 1797 1967 2135
3949 3 0 1967 1341 2135
3950 3 0 1519 1517 2140
3951 3 0 799 798 2138
3952 3 0 2106 1487 2233
3953 3 0 439 1363 2233
3954 3 0 199 376 2154
3955 3 0 1747 385 2223
3956 3 0 369 329 2139
3957 3 0 843 846 2137
3958 3 0 460 1812 2141
3959 3 0 2100 376 2237
3960 3 0 257 8 2229
3961 3 0 1198 1402 2213
3962 3 0 1195 1196 2148
3963 3 0 2098 860 2234
3964 3 0 451 1690 2144
3965 3 0 2082 374 2211
3966 3 0 1086 1820 2142
3967 3 0 1514 1516 2147
3968 3 0 113 1982 2176
3969 3 0 14 1983 2177
3970 3 0 1986 153 2181
3971 3 0 303 1985 2178
3972 3 0 1984 311 2179
3973 3 0 1730 1727 2146
3974 3 0 1741 1743 2149
3975 3 0 2119 1357 2212
3976 3 0 664 2109 2249
3977 3 0 1177 2008 2108
3978 3 0 1223 2094 2189
3979 3 0 1999 929 2126
3980 3 0 2111 220 2250
3981 3 0 1915 1108 2255
3982 3 0 832 838 2151
3983 3 0 473 471 2143
3984 3 0 2113 1674 2251
3985 3 0 1390 1607 2175
3986 3 0 407 1938 2148
3987 3 0 1485 1521 2172
3988 3 0 2093 398 2219
3989 3 0 2034 1519 2140
3990 3 0 54 55 2153
3991 3 0 1019 1609 2155
3992 3 0 2077 1324 2222
3993 3 0 462 2040 2188
3994 3 0 1363 1205 2233
3995 3 0 1187 1280 2157
3996 3 0 376 1900 2154
3997 3 0 1401 908 2221
3998 3 0 1341 1996 2135
3999 3 0 1054 879 2159
4000 3 0 1648 1646 2161
4001 3 0 1344 1192 2160
4002 3 0 1433 1960 2169
4003 3 0 2130 1498 2255
4004 3 0 415 1686 2161
4005 3 0 193 194 2162
4006 3 0 1430 1433 2169
4007 3 0 1667 1239 2211
4008 3 0 354 270 2163
4009 3 0 1593 435 2212
4010 3 0 723 725 2164
4011 3 0 1900 1088 2154
4012 3 0 1259 2136 2261
4013 3 0 1594 363 2167
4014 3 0 2165 1286 2253
4015 3 0 1653 1652 2171
4016 3 0 1023 1758 2166
4017 3 0 203 204 2168
4018 3 0 1239 1226 2211
4019 3 0 1268 1269 2170
4020 3 0 1225 1186 2240
4021 3 0 8 1084 2229
4022 3 0 1265 1125 2173
4023 3 0 464 1822 2165
4024 3 0 753 1974 2172
4025 3 0 464 2165 2253
4026 3 0 387 1748 2197
4027 3 0 1976 1458 2245
4028 3 0 1607 1259 2175
4029 3 0 971 112 2176
4030 3 0 974 343 2177
4031 3 0 312 1122 2179
4032 3 0 973 302 2178
4033 3 0 972 144 2180
4034 3 0 154 1123 2181
4035 3 0 460 2141 2247
4036 3 0 1979 1185 2117
4037 3 0 2030 469 2259
4038 3 0 1209 1207 2182
4039 3 0 1713 1714 2183
4040 3 0 2134 393 2229
4041 3 0 1292 1290 2185
4042 3 0 1453 1452 2190
4043 3 0 998 1000 2184
4044 3 0 1495 1915 2255
4045 3 0 404 1601 2189
4046 3 0 1540 1479 2195
4047 3 0 2088 1653 2171
4048 3 0 1938 1195 2148
4049 3 0 1315 1318 2186
4050 3 0 1814 462 2188
4051 3 0 1685 1684 2243
4052 3 0 1990 1306 2231
4053 3 0 1817 1193 2192
4054 3 0 1530 1351 2215
4055 3 0 1243 1644 2197
4056 3 0 1220 1219 2194
4057 3 0 2059 1344 2160
4058 3 0 1808 810 2193
4059 3 0 1668 459 2198
4060 3 0 892 893 2200
4061 3 0 908 1923 2221
4062 3 0 1380 1381 2224
4063 3 0 1211 1212 2203
4064 3 0 170 171 2205
4065 3 0 1357 1355 2212
4066 3 0 1126 1988 2226
4067 3 0 374 1667 2211
4068 3 0 893 2095 2200
4069 3 0 266 267 2210
4070 3 0 179 180 2214
4071 3 0 2136 392 2261
4072 3 0 1329 1327 2216
4073 3 0 398 1463 2219
4074 3 0 1949 431 2240
4075 3 0 790 1863 2204
4076 3 0 898 1561 2231
4077 3 0 1030 2003 2120
4078 3 0 163 408 2206
4079 3 0 81 82 2217
4080 3 0 1158 1319 2227
4081 3 0 418 1670 2220
4082 3 0 409 293 2209
4083 3 0 361 1553 2232
4084 3 0 421 1379 2241
4085 3 0 1923 1130 2221
4086 3 0 1680 1683 2226
4087 3 0 1002 1194 2218
4088 3 0 1487 439 2233
4089 3 0 1310 1173 2228
4090 3 0 1551 1550 2256
4091 3 0 376 200 2237
4092 3 0 1162 956 2235
4093 3 0 1212 1022 2236
4094 3 0 456 1697 2239
4095 3 0 326 327 2238
4096 3 0 294 295 2246
4097 3 0 1556 2027 2129
4098 3 0 64 65 2242
4099 3 0 1926 1164 2243
4100 3 0 694 692 2244
4101 3 0 1286 1287 2253
4102 3 0 860 1865 2234
4103 3 0 1480 1478 2252
4104 3 0 1186 1949 2240
4105 3 0 1759 664 2249
4106 3 0 1684 1926 2243
4107 3 0 220 221 2250
4108 3 0 2017 1391 2244
4109 3 0 1674 1675 2251
4110 3 0 1963 464 2253
4111 3 0 1827 1278 2230
4112 3 0 1796 590 2257
4113 3 0 375 1736 2260
4114 3 0 2002 1182 2256
4115 3 0 1498 1495 2255
4116 3 0 1811 460 2247
4117 3 0 1252 1253 2254
4118 3 0 1855 1225 2245
4119 3 0 2009 1305 2158
4120 3 0 1324 1326 2222
4121 3 0 2045 451 2144
4122 3 0 1144 1930 2199
4123 3 0 1982 971 2176
4124 3 0 1983 974 2177
4125 3 0 1985 973 2178
4126 3 0 1122 1984 2179
4127 3 0 1123 1986 2181
4128 3 0 2027 1198 2129
4129 3 0 1955 370 2225
4130 3 0 2012 392 2136
4131 3 0 1168 2002 2232
4132 3 0 471 2056 2143
4133 3 0 1305 1990 2158
4134 3 0 425 2020 2186
4135 3 0 2132 1653 2201
4136 3 0 1302 1955 2225
4137 3 0 1269 2074 2170
4138 3 0 1290 2067 2185
4139 3 0 1225 1976 2245
4140 3 0 363 2073 2167
4141 3 0 2132 2201 2259
4142 3 0 2085 1738 2202
4143 3 0 1182 2028 2152
4144 3 0 2129 1198 2213
4145 3 0 1287 1963 2253
4146 3 0 1217 2090 2208
4147 3 0 2031 1692 2166
4148 3 0 2094 404 2189
4149 3 0 370 2018 2225
4150 3 0 1327 2075 2216
4151 3 0 2123 1252 2254
4152 3 0 2049 1286 2165
4153 3 0 2122 418 2220
4154 3 0 2088 2087 2201
4155 3 0 1533 2052 2184
4156 3 0 2099 1747 2223
4157 3 0 1278 2051 2230
4158 3 0 2157 375 2260
4159 3 0 1550 2002 2256
4160 3 0 2087 1663 2201
4161 3 0 1146 2057 2187
4162 3 0 1081 2048 2213
4163 3 0 2102 1238 2156
4164 3 0 2156 409 2209
4165 3 0 1653 2088 2201
4166 3 0 1663 2030 2259
4167 3 0 2105 1203 2174
4168 3 0 1084 2134 2229
4169 3 0 1210 2085 2202
4170 3 0 2090 412 2208
4171 3 0 2164 1480 2252
4172 3 0 469 2132 2259
4173 3 0 1213 2099 2223
4174 3 0 2174 1350 2206
4175 3 0 2201 1663 2259
4176 3 0 1170 2101 2258
4177 3 0 2175 1259 2261
