0 3.0 1.0 0 0
1 13.0 1.0 0 0
2 13.0 2.0 0 0
3 14.0 3.0 0 0
4 15.0 3.0 0 0
5 15.0 4.0 0 0
6 14.0 4.0 0 0
7 11.0 2.0 0 0
8 5.0 2.0 0 0
9 2.0 4.0 0 0
10 1.0 4.0 0 0
11 1.0 3.0 0 0
12 2.0 3.0 0 0
13 3.0 2.0 0 0
14 3.099999999999837 1.0 0 0
15 3.199999999999847 1.0 0 0
16 3.299999999999785 1.0 0 0
17 3.39999999999948 1.0 0 0
18 3.499999999999116 1.0 0 0
19 3.599999999999022 1.0 0 0
20 3.699999999999033 1.0 0 0
21 3.799999999999043 1.0 0 0
22 3.899999999999054 1.0 0 0
23 3.999999999999065 1.0 0 0
24 4.099999999999075 1.0 0 0
25 4.199999999999085 1.0 0 0
26 4.299999999999097 1.0 0 0
27 4.399999999999107 1.0 0 0
28 4.499999999999117 1.0 0 0
29 4.599999999999127 1.0 0 0
30 4.699999999999138 1.0 0 0
31 4.799999999999149 1.0 0 0
32 4.89999999999916 1.0 0 0
33 4.99999999999917 1.0 0 0
34 5.099999999999181 1.0 0 0
35 5.199999999999192 1.0 0 0
36 5.299999999999203 1.0 0 0
37 5.399999999999213 1.0 0 0
38 5.499999999999225 1.0 0 0
39 5.599999999999235 1.0 0 0
40 5.699999999999246 1.0 0 0
41 5.799999999999256 1.0 0 0
42 5.899999999999267 1.0 0 0
43 5.999999999999279 1.0 0 0
44 6.099999999999289 1.0 0 0
45 6.199999999999299 1.0 0 0
46 6.29999999999931 1.0 0 0
47 6.39999999999932 1.0 0 0
48 6.49999999999933 1.0 0 0
49 6.599999999999341 1.0 0 0
50 6.699999999999351 1.0 0 0
51 6.799999999999361 1.0 0 0
52 6.899999999999372 1.0 0 0
53 6.999999999999382 1.0 0 0
54 7.099999999999392 1.0 0 0
55 7.199999999999402 1.0 0 0
56 7.299999999999413 1.0 0 0
57 7.399999999999423 1.0 0 0
58 7.499999999999433 1.0 0 0
59 7.599999999999444 1.0 0 0
60 7.699999999999454 1.0 0 0
61 7.799999999999464 1.0 0 0
62 7.899999999999475 1.0 0 0
63 7.999999999999485 1.0 0 0
64 8.099999999999495 1.0 0 0
65 8.199999999999505 1.0 0 0
66 8.299999999999514 1.0 0 0
67 8.399999999999526 1.0 0 0
68 8.499999999999536 1.0 0 0
69 8.599999999999547 1.0 0 0
70 8.699999999999557 1.0 0 0
71 8.799999999999567 1.0 0 0
72 8.899999999999578 1.0 0 0
73 8.999999999999588 1.0 0 0
74 9.099999999999598 1.0 0 0
75 9.199999999999608 1.0 0 0
76 9.299999999999617 1.0 0 0
77 9.399999999999629 1.0 0 0
78 9.49999999999964 1.0 0 0
79 9.59999999999965 1.0 0 0
80 9.699999999999662 1.0 0 0
81 9.79999999999967 1.0 0 0
82 9.899999999999679 1.0 0 0
83 9.999999999999691 1.0 0 0
84 10.0999999999997 1.0 0 0
85 10.19999999999971 1.0 0 0
86 10.29999999999972 1.0 0 0
87 10.39999999999973 1.0 0 0
88 10.49999999999974 1.0 0 0
89 10.59999999999975 1.0 0 0
90 10.69999999999976 1.0 0 0
91 10.79999999999977 1.0 0 0
92 10.89999999999978 1.0 0 0
93 10.99999999999979 1.0 0 0
94 11.0999999999998 1.0 0 0
95 11.19999999999981 1.0 0 0
96 11.29999999999982 1.0 0 0
97 11.39999999999984 1.0 0 0
98 11.49999999999985 1.0 0 0
99 11.59999999999986 1.0 0 0
100 11.69999999999987 1.0 0 0
101 11.79999999999988 1.0 0 0
102 11.89999999999988 1.0 0 0
103 11.9999999999999 1.0 0 0
104 12.09999999999991 1.0 0 0
105 12.19999999999992 1.0 0 0
106 12.29999999999993 1.0 0 0
107 12.39999999999994 1.0 0 0
108 12.49999999999995 1.0 0 0
109 12.59999999999996 1.0 0 0
110 12.69999999999997 1.0 0 0
111 12.79999999999998 1.0 0 0
112 12.89999999999999 1.0 0 0
113 13.0 1.1 0 0
114 13.0 1.2 0 0
115 13.0 1.3 0 0
116 13.0 1.4 0 0
117 13.0 1.5 0 0
118 13.0 1.6 0 0
119 13.0 1.7 0 0
120 13.0 1.8 0 0
121 13.0 1.9 0 0
122 13.06666666666667 2.066666666666667 0 0
123 13.13333333333333 2.133333333333334 0 0
124 13.2 2.2 0 0
125 13.26666666666667 2.266666666666667 0 0
126 13.33333333333333 2.333333333333333 0 0
127 13.4 2.4 0 0
128 13.46666666666667 2.466666666666667 0 0
129 13.53333333333333 2.533333333333333 0 0
130 13.6 2.6 0 0
131 13.66666666666667 2.666666666666667 0 0
132 13.73333333333333 2.733333333333333 0 0
133 13.8 2.8 0 0
134 13.86666666666667 2.866666666666667 0 0
135 13.93333333333333 2.933333333333334 0 0
136 14.1 3.0 0 0
137 14.2 3.0 0 0
138 14.3 3.0 0 0
139 14.4 3.0 0 0
140 14.5 3.0 0 0
141 14.6 3.0 0 0
142 14.7 3.0 0 0
143 14.8 3.0 0 0
144 14.9 3.0 0 0
145 15.0 3.1 0 0
146 15.0 3.2 0 0
147 15.0 3.3 0 0
148 15.0 3.399999999999999 0 0
149 15.0 3.5 0 0
150 15.0 3.6 0 0
151 15.0 3.7 0 0
152 15.0 3.8 0 0
153 15.0 3.9 0 0
154 14.9 4.0 0 0
155 14.8 4.0 0 0
156 14.7 4.0 0 0
157 14.6 4.0 0 0
158 14.5 4.0 0 0
159 14.4 4.0 0 0
160 14.3 4.0 0 0
161 14.2 4.0 0 0
162 14.1 4.0 0 0
163 13.91891891892058 3.945945945947054 0 0
164 13.83783783784116 3.891891891894108 0 0
165 13.75675675676174 3.837837837841161 0 0
166 13.67567567568232 3.783783783788215 0 0
167 13.5945945946029 3.729729729735269 0 0
168 13.51351351352348 3.675675675682323 0 0
169 13.43243243244406 3.621621621629377 0 0
170 13.35135135136465 3.56756756757643 0 0
171 13.27027027028523 3.513513513523484 0 0
172 13.18918918920581 3.459459459470538 0 0
173 13.10810810812639 3.405405405417592 0 0
174 13.02702702704697 3.351351351364646 0 0
175 12.94594594596755 3.2972972973117 0 0
176 12.86486486488813 3.243243243258754 0 0
177 12.78378378380871 3.189189189205807 0 0
178 12.70270270272929 3.135135135152861 0 0
179 12.62162162164987 3.081081081099915 0 0
180 12.54054054057045 3.027027027046969 0 0
181 12.45945945948937 2.972972972992915 0 0
182 12.37837837840663 2.918918918937753 0 0
183 12.29729729732389 2.864864864882591 0 0
184 12.21621621624115 2.81081081082743 0 0
185 12.1351351351584 2.756756756772268 0 0
186 12.05405405407566 2.702702702717106 0 0
187 11.97297297299292 2.648648648661944 0 0
188 11.89189189191017 2.594594594606782 0 0
189 11.81081081082743 2.540540540551621 0 0
190 11.72972972974469 2.486486486496459 0 0
191 11.64864864866195 2.432432432441297 0 0
192 11.5675675675792 2.378378378386135 0 0
193 11.48648648649646 2.324324324330973 0 0
194 11.40540540541372 2.270270270275812 0 0
195 11.32432432433098 2.21621621622065 0 0
196 11.24324324324823 2.162162162165488 0 0
197 11.16216216216549 2.108108108110325 0 0
198 11.08108108108274 2.054054054055162 0 0
199 10.9 2.0 0 0
200 10.8 2.0 0 0
201 10.7 2.0 0 0
202 10.6 2.0 0 0
203 10.5 2.0 0 0
204 10.4 2.0 0 0
205 10.3 2.0 0 0
206 10.2 2.0 0 0
207 10.1 2.0 0 0
208 9.999999999999998 2.0 0 0
209 9.899999999999997 2.0 0 0
210 9.799999999999997 2.0 0 0
211 9.699999999999996 2.0 0 0
212 9.599999999999996 2.0 0 0
213 9.499999999999996 2.0 0 0
214 9.399999999999995 2.0 0 0
215 9.299999999999995 2.0 0 0
216 9.199999999999994 2.0 0 0
217 9.099999999999994 2.0 0 0
218 8.999999999999993 2.0 0 0
219 8.899999999999993 2.0 0 0
220 8.799999999999994 2.0 0 0
221 8.699999999999992 2.0 0 0
222 8.599999999999993 2.0 0 0
223 8.499999999999993 2.0 0 0
224 8.399999999999991 2.0 0 0
225 8.29999999999999 2.0 0 0
226 8.19999999999999 2.0 0 0
227 8.09999999999999 2.0 0 0
228 7.99999999999999 2.0 0 0
229 7.89999999999999 2.0 0 0
230 7.799999999999989 2.0 0 0
231 7.69999999999999 2.0 0 0
232 7.59999999999999 2.0 0 0
233 7.49999999999999 2.0 0 0
234 7.399999999999991 2.0 0 0
235 7.299999999999991 2.0 0 0
236 7.199999999999991 2.0 0 0
237 7.099999999999992 2.0 0 0
238 6.999999999999992 2.0 0 0
239 6.899999999999993 2.0 0 0
240 6.799999999999994 2.0 0 0
241 6.699999999999994 2.0 0 0
242 6.599999999999994 2.0 0 0
243 6.499999999999994 2.0 0 0
244 6.399999999999994 2.0 0 0
245 6.299999999999994 2.0 0 0
246 6.199999999999995 2.0 0 0
247 6.099999999999995 2.0 0 0
248 5.999999999999996 2.0 0 0
249 5.899999999999996 2.0 0 0
250 5.799999999999996 2.0 0 0
251 5.699999999999997 2.0 0 0
252 5.599999999999997 2.0 0 0
253 5.499999999999997 2.0 0 0
254 5.399999999999999 2.0 0 0
255 5.299999999999999 2.0 0 0
256 5.199999999999999 2.0 0 0
257 5.1 2.0 0 0
258 4.918918918918918 2.054054054054054 0 0
259 4.837837837837838 2.108108108108108 0 0
260 4.756756756756756 2.162162162162162 0 0
261 4.675675675675675 2.216216216216217 0 0
262 4.594594594594594 2.270270270270271 0 0
263 4.513513513513513 2.324324324324325 0 0
264 4.432432432432432 2.378378378378379 0 0
265 4.351351351351351 2.432432432432433 0 0
266 4.270270270270269 2.486486486486487 0 0
267 4.189189189189188 2.540540540540541 0 0
268 4.108108108108107 2.594594594594596 0 0
269 4.027027027027025 2.64864864864865 0 0
270 3.945945945945944 2.702702702702704 0 0
271 3.864864864864862 2.756756756756758 0 0
272 3.783783783783781 2.810810810810813 0 0
273 3.702702702702699 2.864864864864867 0 0
274 3.621621621621618 2.918918918918921 0 0
275 3.540540540540538 2.972972972972975 0 0
276 3.459459459459457 3.027027027027029 0 0
277 3.378378378378375 3.081081081081083 0 0
278 3.297297297297295 3.135135135135137 0 0
279 3.216216216216214 3.18918918918919 0 0
280 3.135135135135133 3.243243243243245 0 0
281 3.054054054054052 3.297297297297299 0 0
282 2.972972972972971 3.351351351351353 0 0
283 2.89189189189189 3.405405405405407 0 0
284 2.810810810810809 3.459459459459461 0 0
285 2.729729729729728 3.513513513513514 0 0
286 2.648648648648647 3.567567567567568 0 0
287 2.567567567567567 3.621621621621622 0 0
288 2.486486486486486 3.675675675675676 0 0
289 2.405405405405404 3.72972972972973 0 0
290 2.324324324324323 3.783783783783784 0 0
291 2.243243243243243 3.837837837837838 0 0
292 2.162162162162162 3.891891891891892 0 0
293 2.081081081081081 3.945945945945946 0 0
294 1.9 4.0 0 0
295 1.8 4.0 0 0
296 1.7 4.0 0 0
297 1.6 4.0 0 0
298 1.5 4.0 0 0
299 1.4 4.0 0 0
300 1.3 4.0 0 0
301 1.2 4.0 0 0
302 1.1 4.0 0 0
303 1.0 3.9 0 0
304 1.0 3.8 0 0
305 1.0 3.7 0 0
306 1.0 3.600000000000001 0 0
307 1.0 3.5 0 0
308 1.0 3.4 0 0
309 1.0 3.3 0 0
310 1.0 3.2 0 0
311 1.0 3.1 0 0
312 1.1 3.0 0 0
313 1.2 3.0 0 0
314 1.3 3.0 0 0
315 1.4 3.0 0 0
316 1.5 3.0 0 0
317 1.6 3.0 0 0
318 1.7 3.0 0 0
319 1.8 3.0 0 0
320 1.9 3.0 0 0
321 2.066666666666667 2.933333333333333 0 0
322 2.133333333333333 2.866666666666667 0 0
323 2.2 2.8 0 0
324 2.266666666666667 2.733333333333333 0 0
325 2.333333333333333 2.666666666666667 0 0
326 2.4 2.6 0 0
327 2.466666666666667 2.533333333333333 0 0
328 2.533333333333333 2.466666666666667 0 0
329 2.6 2.4 0 0
330 2.666666666666667 2.333333333333333 0 0
331 2.733333333333333 2.266666666666667 0 0
332 2.8 2.2 0 0
333 2.866666666666667 2.133333333333333 0 0
334 2.933333333333334 2.066666666666666 0 0
335 3.0 1.9 0 0
336 3.0 1.8 0 0
337 3.0 1.7 0 0
338 3.0 1.6 0 0
339 3.0 1.5 0 0
340 3.0 1.4 0 0
341 3.0 1.3 0 0
342 3.0 1.2 0 0
343 3.0 1.1 0 0
344 4.256352850386367 2.387147345256645 0 0
345 11.73190390506703 2.395214129952769 0 0
346 3.849999999999049 1.086602540378453 0 0
347 12.14797303451876 1.0869172238997 0 0
348 3.083181851340114 1.845380261204449 0 0
349 12.91662895437917 1.864300817603276 0 0
350 4.580853643035902 2.175272371815669 0 0
351 11.41466736419181 2.172456709392885 0 0
352 4.24999999999909 1.086602540378453 0 0
353 11.74999999999988 1.086602540378452 0 0
354 3.939674302498136 2.605457399693155 0 0
355 12.05937290362703 2.603304703185576 0 0
356 3.024452797272514 2.091231635432383 0 0
357 12.97550389623723 2.091368969222225 0 0
358 4.912518387430909 1.95672358588559 0 0
359 11.08748577114218 1.956715672986152 0 0
360 4.549629548398107 1.086940179088466 0 0
361 11.45463140172797 1.08387393028997 0 0
362 3.080446879301379 1.550445348733407 0 0
363 12.91929793780802 1.547107422604332 0 0
364 2.818825785878883 2.29073206071514 0 0
365 13.17142324427759 2.286857609651018 0 0
366 3.69752086628828 2.76373413028 0 0
367 12.30450039845783 2.76957234723774 0 0
368 13.37559830641438 2.491068360252306 0 0
369 2.62121383214391 2.489321734622929 0 0
370 3.457479720069708 2.924383711404899 0 0
371 12.54917712611764 2.948625706136382 0 0
372 14.15214219990821 3.085311171956848 0 0
373 1.846715490198847 3.082398099337784 0 0
374 14.44990761013461 3.084048271661138 0 0
375 1.549168418765687 3.918983070374743 0 0
376 10.85580225926804 1.92064919948996 0 0
377 10.53426713056223 1.923916496172337 0 0
378 9.850000665313022 1.913397264889124 0 0
379 10.24841260314501 1.909483971570554 0 0
380 9.250000077418418 1.913397458194526 0 0
381 9.550000023405255 1.917558962311261 0 0
382 8.93912077756461 1.905500728879654 0 0
383 8.25214622517152 1.915301230980565 0 0
384 8.657824205597645 1.91534640220383 0 0
385 7.74823468984318 1.913282622393841 0 0
386 6.94862864483949 1.914189211892629 0 0
387 7.451207874644084 1.919250314173444 0 0
388 6.651388066102561 1.915893099647105 0 0
389 6.349540145772238 1.903187073437962 0 0
390 6.050869065782945 1.913899214985363 0 0
391 5.439160699119296 1.899634022028912 0 0
392 5.748395208491528 1.922784090891215 0 0
393 5.145268268490859 1.928724754405895 0 0
394 13.57461540728997 2.690347092938475 0 0
395 2.428047450504494 2.687501581914505 0 0
396 12.78607612781985 3.085400428481015 0 0
397 3.213512908092009 3.099737987281527 0 0
398 4.850099267660828 1.083913935001136 0 0
399 11.149349722927 1.082895862720106 0 0
400 7.245979066658206 1.091661681544809 0 0
401 8.06414182430677 1.074771444329387 0 0
402 10.05140042749967 1.087835940861538 0 0
403 8.44999999999952 1.086602540378453 0 0
404 12.45314997627181 1.080207907214828 0 0
405 3.550043971271908 1.086601894013652 0 0
406 13.77436342487529 2.890461559319708 0 0
407 2.221521985299212 2.887873065400703 0 0
408 13.92519056236826 3.848700642939502 0 0
409 2.079463228091985 3.847664755889664 0 0
410 5.349974601930681 1.086609314062412 0 0
411 5.651543174104646 1.085973208694091 0 0
412 5.949192202740122 1.081796296035359 0 0
413 6.251454735627375 1.085762648371827 0 0
414 6.552027133840198 1.080536043259628 0 0
415 6.850079493338496 1.080777917943361 0 0
416 7.648154157667144 1.091750026680482 0 0
417 8.850000004086516 1.086602535859122 0 0
418 9.151542269248065 1.080666309187793 0 0
419 9.74999999999967 1.086602540378451 0 0
420 9.44765994001861 1.083650306971257 0 0
421 14.35015018155786 3.918645749852531 0 0
422 10.75320009624513 1.084839133245836 0 0
423 10.44006005781728 1.082426044241625 0 0
424 1.547348766736561 3.082277668169835 0 0
425 13.04644040334338 3.248509422740285 0 0
426 2.958464379877164 3.240127053152836 0 0
427 13.51853768253438 3.57112596999775 0 0
428 2.480107652175739 3.578530018863417 0 0
429 14.90762916759795 3.539410356102265 0 0
430 13.27354395647772 3.416538264639992 0 0
431 2.726511206948038 3.422153058334617 0 0
432 1.086662196788874 3.450067787063943 0 0
433 14.64681075221981 3.910402166116405 0 0
434 2.314534795735252 3.674298022785052 0 0
435 13.67663275386946 3.691376139922421 0 0
436 5.049965318925899 1.085985579186116 0 0
437 10.95004032896908 1.086550485527352 0 0
438 4.050102814009301 1.086589712765225 0 0
439 11.9499999999999 1.086602540378452 0 0
440 12.90911114476826 1.351510199211066 0 0
441 3.090661895340196 1.346352877111104 0 0
442 12.6477650477343 1.094064853894075 0 0
443 3.350048735060625 1.086634340578552 0 0
444 8.451311278024821 1.917036436803551 0 0
445 10.04999999999999 1.913397459621556 0 0
446 14.64372689019572 3.089990064393429 0 0
447 7.163442325743102 1.918626741863813 0 0
448 14.91114035137639 3.349067331758796 0 0
449 1.086602540378444 3.649999999999999 0 0
450 7.051327316291179 1.088640177839685 0 0
451 7.452339204884414 1.080247237748338 0 0
452 1.753874127384542 3.913608694873782 0 0
453 1.357291756879479 3.914292630746977 0 0
454 1.33939166938046 3.099154605745291 0 0
455 8.049462580331621 1.8978203548198 0 0
456 8.654698272392384 1.083890002199015 0 0
457 7.847843126953968 1.083212469866524 0 0
458 8.242163403245282 1.094114181123699 0 0
459 10.24999999999974 1.086602540378453 0 0
460 11.89685072612139 2.499318505450298 0 0
461 4.101838521621805 2.494048366290681 0 0
462 4.429373240701301 2.284088036143329 0 0
463 11.57335207585405 2.276018216749887 0 0
464 11.24660635041704 2.069429864641977 0 0
465 4.743492952751098 2.056836116458613 0 0
466 13.90864409663362 3.024515833832417 0 0
467 2.09125521768693 3.024464428826835 0 0
468 14.15798666128354 3.911787095846642 0 0
469 14.92215466712512 3.738756288379421 0 0
470 1.086165104530881 3.250775207534004 0 0
471 13.97176995349474 3.092903680856917 0 0
472 13.88315225334351 3.116691937544928 0 0
473 13.94750119483059 3.18346858743485 0 0
474 13.85817331748657 3.209004354437589 0 0
475 13.92617423135638 3.277099676859001 0 0
476 13.79110512767252 3.141178484944296 0 0
477 13.76609252707974 3.233895125715807 0 0
478 13.69831822752341 3.165956518884483 0 0
479 13.67339099590297 3.25873248956674 0 0
480 13.60546193829222 3.190697072665476 0 0
481 13.74004242718161 3.327446777923236 0 0
482 13.58049127565591 3.283614252791662 0 0
483 13.51270120756245 3.215542378848021 0 0
484 13.53757876759756 3.122522014652465 0 0
485 13.44468228121988 3.148029267862642 0 0
486 13.46965568533628 3.054466200190962 0 0
487 13.37665997862867 3.079991888833432 0 0
488 13.40180329497138 2.986638960817073 0 0
489 13.30907187784119 3.011209681217606 0 0
490 13.33412597778464 2.918670814755219 0 0
491 13.24141349417054 2.944186518937827 0 0
492 13.26640456008546 2.850914148060292 0 0
493 13.17352387127965 2.876408029510629 0 0
494 13.19865773963837 2.783131815560339 0 0
495 13.10611730242775 2.807519361736215 0 0
496 13.13104188752018 2.715084373661833 0 0
497 13.03846452948252 2.74073697693366 0 0
498 13.06345757436417 2.647269651066689 0 0
499 12.97096862330549 2.67190202526329 0 0
500 12.99587373375301 2.57952613824479 0 0
501 12.90350083821021 2.60416980302857 0 0
502 12.92846186889864 2.511781062666349 0 0
503 12.83518498972461 2.537533061425373 0 0
504 12.86081694196482 2.444044000607517 0 0
505 12.76733243596654 2.470002989603226 0 0
506 12.79244377150532 2.377003917839677 0 0
507 12.70008252395472 2.401132758947186 0 0
508 12.7246757990899 2.308598241179338 0 0
509 12.63183062510627 2.332706697074767 0 0
510 12.65614741457373 2.240076847705653 0 0
511 12.56308347728639 2.264064646266812 0 0
512 12.58748552077111 2.170998413373949 0 0
513 12.49399876278284 2.195079217214484 0 0
514 12.51839126998208 2.101873995050264 0 0
515 12.42439728824606 2.126120206190587 0 0
516 12.44921987190614 2.032494801975443 0 0
517 12.35543355756509 2.056570899761066 0 0
518 12.38130492667036 1.96169222535444 0 0
519 12.28660507044013 1.98666461361009 0 0
520 12.31230293223667 1.891801343211627 0 0
521 12.21731614602233 1.916949089574199 0 0
522 12.24305663458027 1.82197749155407 0 0
523 12.14792609479122 1.847213166377766 0 0
524 12.17366209178798 1.752131742382282 0 0
525 12.07848356488786 1.777441267601528 0 0
526 12.26895774229707 1.726972384050092 0 0
527 12.05279636746706 1.872491835626465 0 0
528 11.98329288326225 1.802762922704471 0 0
529 12.00897332794333 1.707641602241141 0 0
530 11.91370765731853 1.733002445934911 0 0
531 11.93937309891862 1.637781241785555 0 0
532 11.84407719948437 1.663200639426456 0 0
533 11.81861675713772 1.75841964927224 0 0
534 11.74894628960177 1.688679961113715 0 0
535 12.2603791105304 2.081681635217603 0 0
536 12.46765047133372 2.289839043469855 0 0
537 11.77439279492351 1.593433685025844 0 0
538 11.6791195056304 1.618883935930272 0 0
539 11.65396232085938 1.714200732700195 0 0
540 11.58388094713175 1.644363575329626 0 0
541 12.47681189219094 1.941995391702712 0 0
542 11.60920790053434 1.549083342929684 0 0
543 11.51390641560178 1.574706430733038 0 0
544 12.67447239188058 2.494767809523738 0 0
545 11.48882922702729 1.670046875026433 0 0
546 11.41875061783724 1.600202666676493 0 0
547 11.95772400945916 1.897795290769721 0 0
548 12.19938064218251 1.65694502953003 0 0
549 12.29479251930982 1.63160919581266 0 0
550 12.22527672728853 1.561635475081642 0 0
551 12.32077060956514 1.536235543634927 0 0
552 12.39057884737834 1.606495190605861 0 0
553 12.4164876851079 1.510788571053772 0 0
554 12.48638566046055 1.581160104299661 0 0
555 12.51236425633569 1.485344948482525 0 0
556 11.44408952741863 1.504928062258201 0 0
557 11.34881255199631 1.530446898186215 0 0
558 12.8768422783034 2.700425561506456 0 0
559 11.32336813012093 1.62587091969833 0 0
560 11.25339461887226 1.556162958587432 0 0
561 12.34682431548172 1.440772856896235 0 0
562 11.27886979464031 1.460603839345042 0 0
563 11.18339629879453 1.486370303436608 0 0
564 11.15798995711171 1.581959867172039 0 0
565 11.08792501371603 1.512173933255872 0 0
566 12.61689975873954 2.084780573968106 0 0
567 11.06252786341476 1.607754331576887 0 0
568 10.99229400528423 1.537930997685938 0 0
569 13.08026939812998 2.904680438427563 0 0
570 11.01800881857082 1.443243048097686 0 0
571 10.92195506865719 1.468119351261043 0 0
572 10.89647357241516 1.563970003925546 0 0
573 10.82595101389033 1.493872341901851 0 0
574 10.8004246792698 1.590120500482713 0 0
575 10.72977392385118 1.519857853442876 0 0
576 10.70421921922221 1.61619680526275 0 0
577 10.63350518273183 1.545868641209994 0 0
578 10.65910363281753 1.449468964873334 0 0
579 10.56276350374409 1.475479264511356 0 0
580 10.53717093000272 1.571962399408426 0 0
581 10.46637275443356 1.501548366152391 0 0
582 10.44078124384396 1.598089802396915 0 0
583 10.36994975543076 1.527644842434447 0 0
584 10.39557780238189 1.431079028153555 0 0
585 10.29912036122677 1.45715815007351 0 0
586 10.27349678605097 1.553765782570046 0 0
587 10.20263720817604 1.483283936875256 0 0
588 10.17702210187309 1.579902069143237 0 0
589 10.10614797484426 1.509407374650853 0 0
590 10.07899258958946 1.60036829537285 0 0
591 10.00939097914844 1.534588998749529 0 0
592 10.03523075638623 1.438735616544104 0 0
593 9.938714335430564 1.464835824946134 0 0
594 9.913088531601165 1.561479053701312 0 0
595 9.842234800330012 1.491090452418319 0 0
596 9.818590886508069 1.585775568585617 0 0
597 9.746060387312511 1.516937317207104 0 0
598 9.723579828556312 1.629185918356843 0 0
599 9.649849478738433 1.545902572112034 0 0
600 9.675003436793553 1.447120199984977 0 0
601 9.578455467268148 1.473371234188367 0 0
602 9.552824309732088 1.570047888296344 0 0
603 9.481802406187903 1.499033256911772 0 0
604 9.456196849678053 1.595773521005306 0 0
605 9.385283664991944 1.525182544173498 0 0
606 9.410907565414384 1.42851257455081 0 0
607 9.31438506999389 1.454648496601722 0 0
608 9.28875816952583 1.551307749673914 0 0
609 9.217861439655099 1.480781817897663 0 0
610 9.191435815244816 1.574492172606044 0 0
611 9.121205034592345 1.506426288975154 0 0
612 9.093823836867738 1.599807191486565 0 0
613 9.02447785645754 1.532343793150556 0 0
614 9.050441741225315 1.43639416553215 0 0
615 8.953861927259487 1.462411991388824 0 0
616 8.928225447100303 1.559052408116308 0 0
617 8.857374022100093 1.488623950927168 0 0
618 8.831752874379092 1.585296807518651 0 0
619 8.760864704659248 1.514790922653639 0 0
620 8.787276421994378 1.4188182275165 0 0
621 8.689727156892607 1.444767097788686 0 0
622 8.66430453078555 1.541018790280112 0 0
623 8.593401722632002 1.47051008992137 0 0
624 8.56481552268 1.569621232274978 0 0
625 8.496416680743353 1.496991936781442 0 0
626 8.471298729604957 1.593212368612183 0 0
627 8.40054103895605 1.523588903427927 0 0
628 8.425985043607389 1.426187544020789 0 0
629 8.329520961735273 1.452341066924122 0 0
630 8.304127751508858 1.549831548013611 0 0
631 8.233025401979315 1.478498051462754 0 0
632 8.20740296401128 1.575161929965916 0 0
633 8.136457128732019 1.504437255917812 0 0
634 8.110838117776222 1.601131159400952 0 0
635 8.039934482103412 1.530579270503095 0 0
636 8.014307529755131 1.627240665451483 0 0
637 7.943409290142078 1.556710873652673 0 0
638 7.969036548186633 1.460050723377097 0 0
639 7.872512305659144 1.486186223943362 0 0
640 7.846885131858365 1.582846726196281 0 0
641 7.775988269611998 1.512322581319457 0 0
642 7.750361088972545 1.608983059234722 0 0
643 7.679464249372108 1.538459009457162 0 0
644 7.705091432127679 1.441798536835408 0 0
645 7.608567414045814 1.467934977681224 0 0
646 7.582940231662566 1.564595452006749 0 0
647 7.512043396630961 1.494071423376035 0 0
648 7.486416214086919 1.590731897499221 0 0
649 7.415519378969617 1.52020786912233 0 0
650 7.389892196258188 1.616868343783469 0 0
651 7.318995360902519 1.546344315098787 0 0
652 7.34462254367502 1.449683840329874 0 0
653 7.248098525505586 1.475820286317013 0 0
654 7.222471342641833 1.572480761262922 0 0
655 7.151574507152262 1.501956732392793 0 0
656 7.125947324296314 1.598617207458647 0 0
657 7.055050488724319 1.528093178513127 0 0
658 7.08067767162583 1.431432703413439 0 0
659 6.984153653125913 1.457569149494027 0 0
660 6.958526470216928 1.554229624700738 0 0
661 6.887629634574802 1.483705595663879 0 0
662 6.861163072284616 1.577266174710546 0 0
663 6.790965719430528 1.509325392479113 0 0
664 6.764571658484172 1.603153724919701 0 0
665 6.694407152197084 1.535334247779739 0 0
666 6.720189687656591 1.439247501958733 0 0
667 6.623652505394429 1.465335333765536 0 0
668 6.598023128515295 1.56198770667584 0 0
669 6.527149625311765 1.491549846348212 0 0
670 6.50152596546225 1.58822333273015 0 0
671 6.430633605691882 1.517715833588442 0 0
672 6.456261534625776 1.421058113260857 0 0
673 6.359738973478414 1.447199942135013 0 0
674 6.334112033450026 1.543861314574928 0 0
675 6.2632156054767 1.473338791249118 0 0
676 6.237588530972422 1.569999667067922 0 0
677 6.166691781291183 1.499475955655585 0 0
678 6.14248885040797 1.601396309542736 0 0
679 6.07040518472551 1.526489220943095 0 0
680 6.095834562678537 1.429098235690234 0 0
681 5.999317146866969 1.455259066761357 0 0
682 5.973691064393957 1.551923606246954 0 0
683 5.902746978380886 1.481225077924346 0 0
684 5.877127709096243 1.577914779071194 0 0
685 5.806224317275111 1.507366537707597 0 0
686 5.831850368925426 1.410701884386907 0 0
687 5.735326124001628 1.436837495002146 0 0
688 5.709698923956354 1.533499231957625 0 0
689 5.638801663567959 1.462975785446638 0 0
690 5.613174989435864 1.559633570664679 0 0
691 5.542262935265427 1.489040249453305 0 0
692 5.51520467456775 1.580399626449828 0 0
693 5.445505660245854 1.514272802734167 0 0
694 5.420146146278501 1.611895102050288 0 0
695 5.349227565212048 1.541220738442265 0 0
696 5.374148220712958 1.439726840344422 0 0
697 5.277591449486716 1.465377219414205 0 0
698 5.252645526235845 1.566544484824375 0 0
699 5.181768339431578 1.496015288527948 0 0
700 5.156327626086927 1.593615816303553 0 0
701 5.085572140404455 1.523091838823136 0 0
702 5.059760643659301 1.619474909893739 0 0
703 4.989371525259338 1.549230733983523 0 0
704 5.014896632146232 1.453056213223695 0 0
705 4.918930512920011 1.47921390974779 0 0
706 4.893454057787325 1.575211771477185 0 0
707 4.82309248208787 1.505293532440286 0 0
708 4.79776690347504 1.601163600075701 0 0
709 4.725760468511653 1.526561347709168 0 0
710 4.70188640713042 1.626254340006759 0 0
711 4.62989241759484 1.551609637908165 0 0
712 4.606262071662419 1.65184766645069 0 0
713 4.536422648730143 1.583445678876193 0 0
714 4.511128226935676 1.678662738539248 0 0
715 4.441394426821859 1.610501471980374 0 0
716 4.415455773550167 1.704802147291012 0 0
717 4.346439294742961 1.635494347253174 0 0
718 4.320110804307323 1.730571895200449 0 0
719 4.251733828985527 1.663341778517481 0 0
720 4.224941071097525 1.756682304304044 0 0
721 4.155753643376071 1.689379531594015 0 0
722 4.129477573587776 1.782713365613997 0 0
723 4.060807981112868 1.717254943284159 0 0
724 4.034540914911032 1.809016213090789 0 0
725 3.966104731441327 1.745442156991375 0 0
726 3.939169309208959 1.835309555205112 0 0
727 3.869787104479482 1.767709519980146 0 0
728 3.843646761996955 1.860544812271995 0 0
729 3.77374519002927 1.790402337891124 0 0
730 3.749268970147732 1.886266824395795 0 0
731 3.804084493085011 1.698053240605421 0 0
732 3.70547733173059 1.722015688781039 0 0
733 3.818265522218087 1.954950438102431 0 0
734 3.724030775501499 1.981017799388247 0 0
735 3.793096210079406 2.049372415271275 0 0
736 3.698857718672243 2.074847058238355 0 0
737 3.629811740367895 2.006990779966318 0 0
738 3.604955142308181 2.100537665010344 0 0
739 3.7343675657316 1.626598265817184 0 0
740 3.634941574278385 1.652200884397971 0 0
741 4.104434677424955 1.87781822923422 0 0
742 4.086089776442455 1.630406368326843 0 0
743 3.673907711245821 2.168677562639927 0 0
744 3.580374776030525 2.194197094271628 0 0
745 3.511608621275992 2.126297298500694 0 0
746 3.487103606256184 2.219682696526036 0 0
747 3.555792220163159 2.287714265950846 0 0
748 3.462578646109682 2.313087110972329 0 0
749 3.659384499074257 1.555646036257795 0 0
750 3.753166903371692 1.529137588485868 0 0
751 3.562805578863387 1.581656767820941 0 0
752 3.539597683523216 1.678669018854893 0 0
753 4.374563103008424 1.530618434122931 0 0
754 4.292779045716833 1.826145417654846 0 0
755 3.531258875431244 2.381131148121606 0 0
756 3.438094836553163 2.406490549582356 0 0
757 3.369534943006788 2.338679021635199 0 0
758 3.345066751765208 2.431915031233849 0 0
759 3.413514693876082 2.499780503177366 0 0
760 3.320484796791752 2.525028195629271 0 0
761 3.252143574025117 2.457248657252076 0 0
762 3.227577885446194 2.550240306585358 0 0
763 3.624543580709173 2.355700408226554 0 0
764 4.483484799502937 1.774712869383354 0 0
765 3.418412573412069 2.151820190420256 0 0
766 3.442799179418985 2.058672343364867 0 0
767 3.159444169072888 2.482490073992552 0 0
768 3.134874741521431 2.575354851765485 0 0
769 3.202924460488077 2.642879488327448 0 0
770 3.110187400332196 2.668021003378238 0 0
771 3.042198737885751 2.600480780400183 0 0
772 3.017527693981283 2.693063726728341 0 0
773 4.546255116129541 1.488495052039327 0 0
774 3.587683451092142 1.485353650565394 0 0
775 3.491635752638197 1.511499699152616 0 0
776 4.754822732347088 1.427268286624059 0 0
777 3.178892865188035 2.73497612450746 0 0
778 2.94961860584049 2.625578159940423 0 0
779 2.924995555587373 2.718183606837321 0 0
780 2.993207668625793 2.785542473191538 0 0
781 2.900382686604176 2.810868541327757 0 0
782 2.832611488581908 2.742722638256416 0 0
783 2.80780972961605 2.835498248650146 0 0
784 2.875617957032834 2.903551606245756 0 0
785 2.782963108553943 2.928433158817596 0 0
786 2.715381632004381 2.860030723655796 0 0
787 2.690314878357519 2.953293910210301 0 0
788 3.18390142010811 2.389762680818553 0 0
789 4.67509091490489 1.721126371340673 0 0
790 5.20752773842751 1.400438833094914 0 0
791 3.388870822493278 2.593031574050766 0 0
792 3.349722447458343 2.084183111074748 0 0
793 3.374210959957616 1.990639907243471 0 0
794 2.758141769385607 3.021203549833157 0 0
795 2.665377951579668 3.04593184935368 0 0
796 2.597664958230514 2.978088944762411 0 0
797 2.572709134403736 3.070598144855041 0 0
798 3.517879191000005 1.418851670757208 0 0
799 3.614852392580777 1.384924397715537 0 0
800 3.420990663362453 1.442085869119365 0 0
801 3.39555840492316 1.537938061834919 0 0
802 3.599940533367962 2.449173665327914 0 0
803 5.57234236856125 1.395382907333206 0 0
804 8.15784406765156 1.407745561709538 0 0
805 12.58231854486624 1.555776460861903 0 0
806 12.60836225575873 1.459877490610144 0 0
807 9.603999342537 1.376379214237468 0 0
808 9.867868722528332 1.394456411131156 0 0
809 9.340011873816039 1.357987549302114 0 0
810 10.85253882963746 1.402396714595862 0 0
811 3.69323967145827 2.423942351513611 0 0
812 10.58838967657638 1.378994856362265 0 0
813 3.887458439946037 2.023825370952219 0 0
814 3.862265900735022 2.1182159854249 0 0
815 3.956690826032975 2.092778334969327 0 0
816 3.931471764780697 2.187197756219307 0 0
817 4.025926822765901 2.161783491500755 0 0
818 12.02718240319998 1.967445796371565 0 0
819 11.93220543565852 1.99271036968265 0 0
820 12.00154603407174 2.062271050540332 0 0
821 11.90661759971588 2.087516547228847 0 0
822 11.83736462048878 2.018006986438296 0 0
823 11.97590519906034 2.156978502102891 0 0
824 7.537670579804041 1.397410948307792 0 0
825 12.5562732282993 1.651597024401294 0 0
826 2.733210595240787 3.114019277437897 0 0
827 2.505079903477018 3.002779077959294 0 0
828 2.480129214171207 3.09525736315546 0 0
829 2.547279482004266 3.161872261923226 0 0
830 2.454627982956687 3.186095316502883 0 0
831 2.373875434683758 3.117565225893179 0 0
832 2.362447058892583 3.212252474079623 0 0
833 13.49438628261754 2.961871939019211 0 0
834 12.53828790732987 1.389369710235451 0 0
835 12.63396197720363 1.364328058144233 0 0
836 2.440020113254033 3.290096517298363 0 0
837 2.337193849222511 3.304848967483957 0 0
838 2.270546122802048 3.240477832978732 0 0
839 2.24441837015705 3.330060101086425 0 0
840 2.179768273446294 3.262693739021756 0 0
841 2.151162003467254 3.35399930188899 0 0
842 2.077054839461542 3.279881350301776 0 0
843 2.05724694218965 3.381423591844945 0 0
844 2.12595338262683 3.447751714028607 0 0
845 2.031770226069392 3.47331640450918 0 0
846 1.963825985969029 3.407520130160895 0 0
847 1.937304813181826 3.498676909592717 0 0
848 1.868809850035614 3.431460928673675 0 0
849 1.842267801860106 3.523870249621122 0 0
850 1.773433548591081 3.456250825224267 0 0
851 1.746823300056008 3.549341984968354 0 0
852 1.677058578637665 3.478934667847382 0 0
853 1.650909423797739 3.574345923967292 0 0
854 1.580932758199063 3.503680281355457 0 0
855 1.554818864020429 3.599521682708501 0 0
856 1.484758322176703 3.528861421419834 0 0
857 1.510929479166554 3.432849888315989 0 0
858 1.705088759663512 3.390514565938314 0 0
859 1.417492229331702 3.458913087239147 0 0
860 1.391533075754599 3.5550634544276 0 0
861 1.816471694646832 3.618732339035001 0 0
862 13.29119228615451 2.758407507213605 0 0
863 4.944266893930347 1.383007052717725 0 0
864 11.20880825841924 1.390692405575159 0 0
865 11.30446972033271 1.364911942976243 0 0
866 3.091327919588019 2.415103808349621 0 0
867 5.584035679597209 1.659099044511871 0 0
868 10.2282820275058 1.386640648651698 0 0
869 8.979535875253397 1.365850503289434 0 0
870 13.08822429444162 2.555017078024265 0 0
871 7.557297364644236 1.660202864620534 0 0
872 7.898139508435355 1.389525838764041 0 0
873 2.100698300214472 3.541966730245855 0 0
874 13.28381682965652 3.108816758763242 0 0
875 6.913256817524496 1.387045120378725 0 0
876 12.88728158571474 2.352947433765107 0 0
877 14.02915738507879 3.243044106969492 0 0
878 13.99657031615061 3.344761112579384 0 0
879 14.0896117748961 3.320263955647061 0 0
880 14.06450624388103 3.415142700290122 0 0
881 14.15941898010365 3.389280786203417 0 0
882 14.13409392532943 3.484467669444538 0 0
883 14.22934102637453 3.458595032360569 0 0
884 14.03908658052595 3.510074705669986 0 0
885 14.20389796506847 3.554072028921613 0 0
886 14.29933437948197 3.52808658038926 0 0
887 14.32468427035542 3.43255586093801 0 0
888 14.39488739707726 3.502270270448169 0 0
889 14.42022874361422 3.406448616518772 0 0
890 14.49064717139177 3.476330578845784 0 0
891 14.46527567278938 3.572283004619362 0 0
892 14.55651652877976 3.545107428228191 0 0
893 14.5778008513024 3.448916640155677 0 0
894 14.34980475602439 3.336947892557989 0 0
895 11.13377540351394 1.674707450258827 0 0
896 14.27399917674407 3.623705909349932 0 0
897 14.17845586053547 3.649605976896577 0 0
898 11.81182096844293 2.112744159907834 0 0
899 11.74342737083228 2.047893326306518 0 0
900 6.385366523675118 1.350540823082659 0 0
901 6.649305831675649 1.368771407925477 0 0
902 8.618652481282934 1.374229626323876 0 0
903 14.53491891615676 3.642221901168578 0 0
904 14.64166868527378 3.598978527400297 0 0
905 7.273725708396908 1.379159811397189 0 0
906 12.65227628959681 1.626242967502069 0 0
907 12.62656951405136 1.725406245546224 0 0
908 4.873957389999886 1.677566706251056 0 0
909 1.441352860974577 3.362137305025887 0 0
910 8.355127598608409 1.355559986665096 0 0
911 6.21304475553382 1.667523080492863 0 0
912 5.948025825141525 1.648443536565188 0 0
913 11.03678921598281 1.703071040455461 0 0
914 1.346727057056598 3.400108709918789 0 0
915 5.227018817946823 1.664004510621525 0 0
916 6.024912462791326 1.358480903911048 0 0
917 6.121431170281721 1.332324843117209 0 0
918 9.076067473235284 1.339730656167238 0 0
919 8.631384150221944 1.643895208216956 0 0
920 8.274290939380663 1.650041312621418 0 0
921 5.760952651881373 1.340177855365364 0 0
922 3.439561159439688 1.347452224392188 0 0
923 1.624893126959113 3.670158428798324 0 0
924 3.280875584838405 2.016428903785738 0 0
925 3.305695041168641 1.923567454702898 0 0
926 3.260484069775102 2.111253471273062 0 0
927 12.9069903437217 2.025348798145136 0 0
928 9.262195906302587 1.647486128739574 0 0
929 2.31167351717638 3.392956119618251 0 0
930 3.32474449526028 1.467893235621516 0 0
931 5.851495502374467 1.674556701211519 0 0
932 4.001947108529367 2.260112670478272 0 0
933 9.886427260347784 1.656327370358385 0 0
934 10.24824436951245 1.64984061403374 0 0
935 6.572423388345056 1.658749530352758 0 0
936 3.399580730032856 1.896599060012092 0 0
937 3.330045319253684 1.827466754406732 0 0
938 6.475906377190115 1.684911855781689 0 0
939 6.923391175034194 1.66118811595984 0 0
940 3.906620155996106 2.282275402821843 0 0
941 1.528672978420259 3.695526440607984 0 0
942 7.821257923352849 1.679507085024273 0 0
943 3.116353814133404 2.324527188261701 0 0
944 8.902650566923116 1.655822748935687 0 0
945 7.19684415984929 1.669141236353985 0 0
946 3.668684695717126 2.51736780031622 0 0
947 12.88424296213603 2.11547332478876 0 0
948 2.530007991311358 2.910468852902417 0 0
949 14.4455804259653 3.310433784753663 0 0
950 12.72371142563243 1.70007309008707 0 0
951 12.70067565720921 1.806957508429135 0 0
952 1.900184876477533 3.329520830694253 0 0
953 3.294451584910335 1.565773341224809 0 0
954 4.096552716793409 2.2353414263411 0 0
955 4.120643589780654 2.137280168523752 0 0
956 9.010386461256074 1.270589026024174 0 0
957 13.48762415517533 3.308607486420211 0 0
958 9.527095823930411 1.666309268340718 0 0
959 10.51159773175866 1.668474809105911 0 0
960 4.189914392800799 2.206278969584123 0 0
961 4.214990788742817 2.111316865206756 0 0
962 2.826225437327594 3.08920012767972 0 0
963 12.70453981761416 1.434490510391283 0 0
964 12.56365658987836 1.293799064801662 0 0
965 10.77495491294902 1.686511430116607 0 0
966 2.437762728723078 2.935104758233024 0 0
967 8.085204398462407 1.697764840544491 0 0
968 11.23582558345284 1.295252774418037 0 0
969 2.025484399807417 3.092776594813849 0 0
970 14.2486319179983 3.719268859906976 0 0
971 12.85032278134319 1.084773538361786 0 0
972 14.8461322991207 3.084369522234614 0 0
973 1.14669553120291 3.914212365863189 0 0
974 3.090653554393368 1.159213884081553 0 0
975 11.33068910486276 1.270219041957199 0 0
976 3.762239036648347 2.492115250897018 0 0
977 13.55561759892174 3.376805262984807 0 0
978 3.02371654851755 2.350580106388301 0 0
979 5.923510414861619 1.746944300932802 0 0
980 2.800399113756198 3.179070126327306 0 0
981 12.81625256028684 2.047552500004049 0 0
982 2.97419508687886 2.533072755696654 0 0
983 2.881924852181333 2.558080880730218 0 0
984 12.07068659762957 2.131873184449566 0 0
985 12.04500866020811 2.226454158377858 0 0
986 11.95037964143631 2.251578275796439 0 0
987 12.01944828530155 2.320959377243677 0 0
988 12.11403533285576 2.295872625077256 0 0
989 12.08843731226369 2.390288771043899 0 0
990 12.18298092233605 2.365229101720629 0 0
991 3.207946346915546 2.297199398537167 0 0
992 12.20856906833355 2.270836668111579 0 0
993 12.27754255357059 2.340262200986248 0 0
994 12.25188343308716 2.43449543819542 0 0
995 12.346347840309 2.409647975248818 0 0
996 12.32072426287265 2.50362211691406 0 0
997 12.41488334045421 2.478812658607919 0 0
998 12.3925008199778 2.569480988663575 0 0
999 12.48455931426535 2.546503165730614 0 0
1000 12.45565689725042 2.651074856392961 0 0
1001 12.55217626835157 2.617298459303227 0 0
1002 12.53065940775561 2.713078625494033 0 0
1003 12.61998648331827 2.685501781708598 0 0
1004 5.040290494167126 1.356810080574712 0 0
1005 4.970420793960911 1.283812768757881 0 0
1006 11.76809956439791 1.94928472094308 0 0
1007 11.67342353883813 1.974794441036045 0 0
1008 11.64885050602672 2.074065715847047 0 0
1009 11.57871209558335 2.000254323848596 0 0
1010 9.700506493339681 1.350190107373171 0 0
1011 9.629675820621927 1.279928947412989 0 0
1012 7.993613174105475 1.364445314740506 0 0
1013 7.926158958015973 1.293721898547853 0 0
1014 7.370249726607884 1.353023365435347 0 0
1015 6.745831762331363 1.342642023029446 0 0
1016 6.67426369329071 1.267393093562797 0 0
1017 5.857477254146347 1.314040851998505 0 0
1018 5.786580368809769 1.243516730023304 0 0
1019 5.690827840128276 1.266395972213048 0 0
1020 6.021173576733556 1.725906814030155 0 0
1021 6.481890603532158 1.324404602935525 0 0
1022 6.416211930468117 1.255265120682363 0 0
1023 6.318595224237004 1.269741328585976 0 0
1024 7.100320141443982 1.695277682607068 0 0
1025 7.724945707640215 1.705430589891069 0 0
1026 7.82937292658345 1.32066531466143 0 0
1027 7.988679298326369 1.723896824903991 0 0
1028 8.45165629626686 1.329367516275941 0 0
1029 8.80476432437532 1.683355951385667 0 0
1030 8.914433020189357 1.282273883791112 0 0
1031 9.428872286867485 1.694073378818198 0 0
1032 9.53308084895853 1.305798078084808 0 0
1033 1.537306906191971 3.336711226076529 0 0
1034 1.467233826445475 3.265852126482009 0 0
1035 10.68457391351554 1.353249180661181 0 0
1036 10.61295745621846 1.278616706544103 0 0
1037 10.51642439014287 1.303911602108912 0 0
1038 10.41518726898936 1.694661070610705 0 0
1039 11.60403679909637 1.904826281448003 0 0
1040 11.50922901858751 1.930043775819596 0 0
1041 4.875384434560513 1.312955281444793 0 0
1042 10.67867461954708 1.712614667486555 0 0
1043 13.72330307916007 3.073330466815237 0 0
1044 11.39997107909743 1.339494377340036 0 0
1045 12.46837748846202 1.31921192384161 0 0
1046 3.482035261077805 2.567780366439859 0 0
1047 3.457381483362045 2.661240190086004 0 0
1048 2.707985131860016 3.206589664458458 0 0
1049 12.03469587372736 1.612398824678773 0 0
1050 11.96503869735394 1.542464820961257 0 0
1051 3.364383915564634 2.685748278160441 0 0
1052 14.4396785524908 3.668363326013165 0 0
1053 14.5100615697713 3.738558942016785 0 0
1054 14.18437120489819 3.29420313182929 0 0
1055 11.13767749135601 1.323676815196839 0 0
1056 12.06056547348539 1.517019632040405 0 0
1057 11.99065887274818 1.446872033482758 0 0
1058 12.08638413974159 1.42135722310827 0 0
1059 12.01645996046006 1.351121945628028 0 0
1060 11.92056255594152 1.376681519195727 0 0
1061 12.11238699322944 1.325614548745716 0 0
1062 2.19462644998486 3.516728364719804 0 0
1063 3.717963055780943 2.330840721026312 0 0
1064 3.550707920973002 2.635853603397594 0 0
1065 3.526030639280914 2.729499480570814 0 0
1066 12.7302367815393 1.338356095638893 0 0
1067 13.9005985404723 3.372551182762182 0 0
1068 12.53064494880313 1.751049300093756 0 0
1069 3.369741477431735 1.634323987088503 0 0
1070 3.268546806767591 1.66387176342015 0 0
1071 13.46264531269989 3.401912752688153 0 0
1072 3.975109888046388 2.352018858840559 0 0
1073 2.906322919827822 2.465935830276532 0 0
1074 6.05052923867871 1.26178199444524 0 0
1075 12.95148465123757 2.183208837704556 0 0
1076 2.814457850216232 2.490846929803979 0 0
1077 2.789912897470698 2.582762971829024 0 0
1078 7.299286141738634 1.278852135792546 0 0
1079 7.202817748018237 1.308027915637327 0 0
1080 3.737347108494143 2.585068301422771 0 0
1081 3.091630228061888 2.026626035608954 0 0
1082 8.380947455058532 1.260082841934982 0 0
1083 8.281068765936848 1.284075805572599 0 0
1084 4.98968394234606 1.904874770488541 0 0
1085 4.90606594784871 1.859099305821154 0 0
1086 4.828447669647248 1.91328759345795 0 0
1087 4.989804971984565 1.804013015530069 0 0
1088 11.00812013018599 1.899352545461167 0 0
1089 5.066365154663483 1.259858367729515 0 0
1090 11.9463882800326 1.280798106514663 0 0
1091 11.85042142205208 1.306432568715598 0 0
1092 11.8248048884952 1.402327565198663 0 0
1093 11.75452134012839 1.332095252625475 0 0
1094 12.30827686206907 2.590592486013708 0 0
1095 3.13709041011268 2.219337627423471 0 0
1096 2.207318012320055 3.161147322949567 0 0
1097 8.016760206525277 1.266784263890008 0 0
1098 11.09474298365845 1.859598010184646 0 0
1099 11.17285050815805 1.924326906086827 0 0
1100 6.545240102978552 1.755017460621966 0 0
1101 6.653697709702799 1.729587557193495 0 0
1102 2.168709079559751 3.60765812264363 0 0
1103 2.075227777773097 3.635661454762053 0 0
1104 14.37413636352341 3.243400556829517 0 0
1105 14.152580840501 3.743082670257055 0 0
1106 14.08302848778603 3.675106407106201 0 0
1107 7.395876909652295 1.256362890414845 0 0
1108 10.70278865512536 1.258533313453083 0 0
1109 6.154196987055973 1.244703349286538 0 0
1110 4.283351434502991 2.178728423877997 0 0
1111 4.309379906454812 2.085280834747909 0 0
1112 4.240373941638397 2.016445695986056 0 0
1113 4.334810229998526 1.990846055874472 0 0
1114 4.404164841166709 2.059823754300321 0 0
1115 4.429513154476458 1.96533669636481 0 0
1116 4.498267101437326 2.032103376578365 0 0
1117 4.524133357028096 1.939503256576852 0 0
1118 6.771914312160995 1.247288924406448 0 0
1119 12.74694119011248 1.603172881005492 0 0
1120 12.81916265273144 1.676837944815702 0 0
1121 9.726918558550784 1.256463840193602 0 0
1122 1.159150237394796 3.090509364455371 0 0
1123 14.84957626307194 3.915322795494411 0 0
1124 12.51117309956617 2.4521174633056 0 0
1125 8.872555645382628 1.751607908952449 0 0
1126 8.973192246103684 1.733115740414285 0 0
1127 8.78051292303025 1.778647620300585 0 0
1128 6.707775827580659 1.170809678555669 0 0
1129 12.30310526293586 2.245832569260394 0 0
1130 4.823173781583655 1.822098734761413 0 0
1131 4.730421672348813 1.886101989452382 0 0
1132 3.981856197645897 1.998260356772417 0 0
1133 10.63175275182039 1.179515338231697 0 0
1134 11.534289637675 1.835116859655715 0 0
1135 11.4397975531079 1.860493081761642 0 0
1136 11.41447067693977 1.955185562659624 0 0
1137 11.34752127692561 1.886451267470358 0 0
1138 11.37050518654012 1.791038507171634 0 0
1139 2.153762404330663 3.695452819889412 0 0
1140 12.85528517834078 2.202334515247009 0 0
1141 11.7287391030229 1.42797284993155 0 0
1142 11.65864345922827 1.357696595689005 0 0
1143 11.68406914347689 1.262682378509309 0 0
1144 11.58994697170553 1.292292564017646 0 0
1145 11.60116756190156 1.189655667186609 0 0
1146 1.561837611742204 3.244895809423192 0 0
1147 12.18206537173184 1.395926265204982 0 0
1148 12.20821785410967 1.300027304971935 0 0
1149 11.56268970934735 1.383485614687546 0 0
1150 3.881418060191289 2.37602377509064 0 0
1151 12.59748120500756 2.776926621081033 0 0
1152 12.68843685723111 2.753751419063086 0 0
1153 12.71415436080109 2.659570289420037 0 0
1154 12.66596612406662 2.844811296123885 0 0
1155 12.75670429389865 2.822215899499146 0 0
1156 12.7318359991904 2.915622468661321 0 0
1157 12.82450078290993 2.891184098693739 0 0
1158 4.592095108157381 2.003342243229887 0 0
1159 3.424853299730636 1.80164254188112 0 0
1160 3.493551631204013 1.870912263537803 0 0
1161 9.100170301643033 1.245710466428675 0 0
1162 9.030799724565622 1.172549747008823 0 0
1163 9.172338093230028 1.314036712265461 0 0
1164 9.560023915228385 1.213669980867297 0 0
1165 9.463539632309937 1.24022419990526 0 0
1166 10.74867520957636 1.780093950029627 0 0
1167 10.84600053190943 1.756980078130923 0 0
1168 11.43375467545166 1.239700199190521 0 0
1169 11.55500151386007 2.093210620135202 0 0
1170 3.944493848275688 2.436086232709412 0 0
1171 8.477018447454627 1.236946744838159 0 0
1172 11.1875379069569 1.836493666120234 0 0
1173 6.448633910163126 1.776388541299069 0 0
1174 6.379108144528179 1.710184337025409 0 0
1175 1.939167698200063 3.911926930086449 0 0
1176 14.41643115267753 3.761939829219662 0 0
1177 14.48485200315266 3.831920620127135 0 0
1178 2.469028360331693 2.843451975611937 0 0
1179 2.556683602515319 2.817595779887575 0 0
1180 11.92147790108246 2.339758101473125 0 0
1181 11.8579036837825 2.260006169822996 0 0
1182 11.265394362486 1.210417675806301 0 0
1183 5.825914269170984 1.768280044731314 0 0
1184 5.754977368153828 1.700196909050273 0 0
1185 13.39782003467878 3.331522502668887 0 0
1186 2.779967585333896 3.276109259804527 0 0
1187 1.601774737903128 3.763283728813429 0 0
1188 1.695537410677481 3.740269415305975 0 0
1189 10.48552391663493 1.763115149041446 0 0
1190 10.38866758121752 1.790728321755055 0 0
1191 9.191553964462496 1.223509948892533 0 0
1192 3.228600044159649 1.494115215743523 0 0
1193 3.25513346027844 1.402389899472352 0 0
1194 12.50076515990259 2.803502331027889 0 0
1195 2.375338961191628 2.856580153981442 0 0
1196 2.34714303468614 2.958581237367814 0 0
1197 5.892757205523889 1.838632102289488 0 0
1198 3.219183770192695 1.950363815839783 0 0
1199 6.098847194454753 1.171591879358131 0 0
1200 9.509809420910626 1.760781788766432 0 0
1201 9.597967830352578 1.736735974374664 0 0
1202 9.410433564901961 1.786314267829719 0 0
1203 14.05837011418161 3.761951548142806 0 0
1204 13.99039843223942 3.6974004142616 0 0
1205 11.87490961801222 1.217217819319136 0 0
1206 6.50261649187604 1.841526969423287 0 0
1207 7.170042034978612 1.761462555017814 0 0
1208 7.267545171809886 1.738942072520123 0 0
1209 7.074692958568482 1.791938157816001 0 0
1210 7.948266264131552 1.198786675153376 0 0
1211 6.507518273279381 1.22774592535543 0 0
1212 6.436621437575207 1.157221896224971 0 0
1213 7.798265362272334 1.769532756752098 0 0
1214 1.509827589301354 3.784102148379083 0 0
1215 1.433490865012833 3.719696467151146 0 0
1216 5.881850666988493 1.221284044190926 0 0
1217 5.815549126495663 1.157202145745155 0 0
1218 10.65481012802104 1.808874538396304 0 0
1219 12.1395232385335 1.234357442155531 0 0
1220 12.23581226599784 1.209294667293979 0 0
1221 12.30463847235003 1.274660517900081 0 0
1222 12.32817499224775 1.181604596817581 0 0
1223 12.48945399704779 1.22815815518881 0 0
1224 4.172859683457101 2.309738701129276 0 0
1225 2.680908414947369 3.290294375869723 0 0
1226 14.47117616800684 3.221287911858187 0 0
1227 14.54173303986922 3.284353526926742 0 0
1228 4.896971704672747 1.217141870084001 0 0
1229 4.802742242164062 1.242838538973257 0 0
1230 12.8462856492623 1.941548956680129 0 0
1231 12.74906272519006 1.975782414115234 0 0
1232 7.705224578864096 1.815082928312006 0 0
1233 11.61725547508086 2.175245875823621 0 0
1234 4.476353060613031 2.131180847301821 0 0
1235 12.81598633144246 1.411333672134182 0 0
1236 2.05796626927642 3.744726548912744 0 0
1237 1.982209832715256 3.663836673622818 0 0
1238 1.952978423519062 3.754735715551889 0 0
1239 14.57213220637952 3.184142037232024 0 0
1240 14.6442124610451 3.267292827597401 0 0
1241 14.22283345278956 3.81722625135274 0 0
1242 7.242113812737102 1.836325740497238 0 0
1243 7.338637831204449 1.810189294241298 0 0
1244 14.59582873059159 3.812440408254813 0 0
1245 4.622597913463364 1.913010939654393 0 0
1246 7.228083704796732 1.209815121435098 0 0
1247 7.132299378456702 1.239243065922526 0 0
1248 2.89448315649526 3.15733746614009 0 0
1249 2.919279279666754 3.064227494371737 0 0
1250 2.987379624745095 3.133052099433657 0 0
1251 3.012592892397485 3.039140494868297 0 0
1252 3.079190357859167 3.106450811061295 0 0
1253 3.100505946752841 3.01219367149 0 0
1254 3.036476203141267 2.945648435065867 0 0
1255 3.129821724053433 2.92029195423419 0 0
1256 12.58637881795798 1.185975650797811 0 0
1257 3.112767878640698 2.117470170513502 0 0
1258 10.72306549734641 1.878831195405361 0 0
1259 5.731892148317741 1.785080769132167 0 0
1260 12.77155663392987 1.882288181429417 0 0
1261 12.67733274879385 1.906016286067267 0 0
1262 12.6023090380672 1.837879712005226 0 0
1263 12.79135339831633 1.775971875728055 0 0
1264 2.256454999469362 3.589731325553905 0 0
1265 8.851409726282956 1.849171554831533 0 0
1266 3.843262257197713 2.569438253194606 0 0
1267 3.804420830188876 2.658459504237172 0 0
1268 8.0595755959852 1.794418653961273 0 0
1269 8.150932687079509 1.762896142089113 0 0
1270 7.963051582607702 1.82055510252411 0 0
1271 12.89727489140652 1.75889390941204 0 0
1272 8.312506245402094 1.186419307470056 0 0
1273 8.210987540752626 1.202944719941256 0 0
1274 8.13563377724429 1.138049560121094 0 0
1275 12.24815527756246 1.103225469456609 0 0
1276 2.838616052685931 2.386150292963596 0 0
1277 2.746161381834123 2.418594609211621 0 0
1278 3.046355500395522 2.180040768897045 0 0
1279 12.75388094828716 2.221016441070316 0 0
1280 1.674121904655906 3.834103940217106 0 0
1281 7.145218698361573 1.144765726253868 0 0
1282 7.323962802255185 1.168204170957408 0 0
1283 13.53246580750765 3.470290083073523 0 0
1284 13.62215371642407 3.444729584476559 0 0
1285 13.4299542996777 3.507777233743311 0 0
1286 11.32637262819269 1.975999545137877 0 0
1287 11.39356263405862 2.058588757297536 0 0
1288 8.760438133815835 1.872761153987133 0 0
1289 8.679245944219991 1.812187946733552 0 0
1290 8.57925302386473 1.841240782146991 0 0
1291 8.603091567466448 1.744853974592913 0 0
1292 8.507243442042597 1.772574137633406 0 0
1293 1.417718522767655 3.826051632906026 0 0
1294 1.33571454399328 3.746308862722817 0 0
1295 12.80185682796008 2.985107341301957 0 0
1296 12.89267779123163 2.959742056668844 0 0
1297 12.91861479125717 2.864472754165556 0 0
1298 12.69936718714903 3.021781560595812 0 0
1299 3.198506484255289 3.001913635063922 0 0
1300 3.224003094894562 2.897474510479944 0 0
1301 3.297403816313989 2.952122592950163 0 0
1302 3.317734482856918 2.868280265333004 0 0
1303 12.71901675211224 2.065491989620684 0 0
1304 11.5207938699325 2.181628593286645 0 0
1305 11.67671439010669 2.252680077979645 0 0
1306 11.72423243876874 2.158892841865039 0 0
1307 12.57625499977222 1.923100835499039 0 0
1308 1.769994707744915 3.80972120498855 0 0
1309 1.850247173845104 3.866147165348695 0 0
1310 6.353755175592114 1.807708777328005 0 0
1311 11.01813846849825 1.801380857116211 0 0
1312 12.9868162180515 2.932225060369121 0 0
1313 12.96137122472073 3.027190778733064 0 0
1314 13.05441283199536 3.00097282494252 0 0
1315 13.0319266556317 3.09313864384935 0 0
1316 13.12308326823772 3.068189228569806 0 0
1317 12.94958865933218 3.115761264610044 0 0
1318 13.09675868143924 3.165326167372384 0 0
1319 4.687380168871814 1.982189162844773 0 0
1320 2.11591047469268 3.115909985838101 0 0
1321 2.182732170383101 3.050550652281254 0 0
1322 2.273847499422285 3.095500489274661 0 0
1323 2.047109039588784 3.182804942828014 0 0
1324 1.959281265204727 3.162101490174878 0 0
1325 1.977384464920904 3.251872535906329 0 0
1326 1.886526059644208 3.228299950738191 0 0
1327 1.805861860726524 3.27987266189681 0 0
1328 1.800304851891001 3.173567761719469 0 0
1329 1.714291769088456 3.245391798986387 0 0
1330 1.696027124235098 3.156829066182297 0 0
1331 13.14743140243309 2.972896901433465 0 0
1332 13.19035609126608 3.139596817366322 0 0
1333 13.16268143982903 3.232723674267431 0 0
1334 13.25864555059426 3.204227633918903 0 0
1335 13.23346339766199 3.30370684982516 0 0
1336 8.110102149996504 1.230705369959851 0 0
1337 8.183916036462698 1.308450002235887 0 0
1338 10.46272068561473 1.854828147974094 0 0
1339 10.36255535655124 1.901528325046088 0 0
1340 10.28853835238027 1.81659488883957 0 0
1341 10.18923730956177 1.831982675204166 0 0
1342 13.35205676486402 3.174947683549227 0 0
1343 4.650770407635693 1.819262125146598 0 0
1344 3.159920474134603 1.42351077056659 0 0
1345 3.620678352526901 2.702184025465805 0 0
1346 3.602093011310566 2.813469585745715 0 0
1347 3.498253817600567 2.825041396327477 0 0
1348 3.232105800174472 2.204851757525302 0 0
1349 4.455957002072671 1.870511448971304 0 0
1350 14.06437952528147 3.913687047462025 0 0
1351 2.930442858987698 2.373959113311988 0 0
1352 14.01377601996945 3.605266187162345 0 0
1353 13.91905835063309 3.631079335441699 0 0
1354 13.89255995034478 3.730327172520369 0 0
1355 13.82411053336706 3.65740348637128 0 0
1356 13.84920530189835 3.562842461379095 0 0
1357 13.75647998034437 3.586980742777091 0 0
1358 13.78064409852628 3.492858282390596 0 0
1359 13.87447935929698 3.468036166473077 0 0
1360 13.8165940108415 3.048914792098585 0 0
1361 8.70570704346597 1.712400677453891 0 0
1362 4.266036718567179 1.921474268680289 0 0
1363 11.97644562135235 1.177049311425412 0 0
1364 3.519075295678154 1.775736904593131 0 0
1365 3.586956847376505 1.844801224726944 0 0
1366 3.325910683332466 2.17807357173427 0 0
1367 3.39409187794665 2.245479179552247 0 0
1368 12.23434201554449 2.176400196102865 0 0
1369 8.352031471096325 1.089449852833932 0 0
1370 1.791990302142254 3.713404292354586 0 0
1371 3.066720996451203 2.507898673689238 0 0
1372 8.52690584883782 1.677120126043188 0 0
1373 8.4290055924202 1.70933784377365 0 0
1374 8.41020013118267 1.819546349348283 0 0
1375 8.335052830823905 1.736980286114619 0 0
1376 14.10872313986913 3.579765495866877 0 0
1377 1.5038579114334 3.171790843030803 0 0
1378 1.408414150377684 3.185091940192932 0 0
1379 14.25000000000002 3.913397459621534 0 0
1380 4.968430838417939 1.642636918726884 0 0
1381 5.033848519441714 1.715433288994714 0 0
1382 5.130252369693732 1.689820384413107 0 0
1383 5.203270645399377 1.758001953782657 0 0
1384 5.302798011412546 1.73625639787914 0 0
1385 5.275915320721452 1.827731154020287 0 0
1386 5.374279201927571 1.81282438193125 0 0
1387 5.340387424722315 1.90809915130364 0 0
1388 5.479493706077858 1.80254666861369 0 0
1389 5.556228306254192 1.885824121694732 0 0
1390 5.574334850451184 1.765647958177161 0 0
1391 5.41685117685147 1.71253980441416 0 0
1392 5.647175303167624 1.908504941191898 0 0
1393 5.103639523002698 1.781404375221254 0 0
1394 13.42677201651209 2.894135014678734 0 0
1395 13.51891910840574 2.869799558626431 0 0
1396 13.58651286424605 2.937130103403156 0 0
1397 13.45096618190771 2.801883367122906 0 0
1398 13.61131602131223 2.844978502765865 0 0
1399 13.67856429614859 2.912328373060446 0 0
1400 13.6549925892834 3.00540214658023 0 0
1401 4.769328483272984 1.692236051799519 0 0
1402 3.185034799793208 2.048275835991436 0 0
1403 13.22351264112569 2.690656319105319 0 0
1404 13.31549867353967 2.666509882834863 0 0
1405 13.24774630833962 2.598783105854427 0 0
1406 13.38330658209009 2.733912761323631 0 0
1407 13.40787706092914 2.64164104943066 0 0
1408 13.4750046342396 2.708918832803459 0 0
1409 13.1557003819996 2.622649144510944 0 0
1410 13.18045251136894 2.530743914511985 0 0
1411 13.11267872646034 2.463472305014602 0 0
1412 13.20510800398272 2.438628982597038 0 0
1413 13.27274310865378 2.506344743448418 0 0
1414 13.35879460075575 2.826320602192397 0 0
1415 12.78286878643992 2.727159301523206 0 0
1416 12.85061638009712 2.795925652922626 0 0
1417 12.94416734777361 2.770096302147654 0 0
1418 13.02083031471389 2.487365326822979 0 0
1419 13.04527108300949 2.395689080208617 0 0
1420 12.95346635191103 2.419797077732723 0 0
1421 12.98271883470502 2.328768258346201 0 0
1422 13.07519070259468 2.306297167479995 0 0
1423 13.80720631388254 3.396847560022965 0 0
1424 13.96979217704618 3.44126390966402 0 0
1425 4.579440073904617 1.748689901931342 0 0
1426 12.6458124398696 2.59162236880859 0 0
1427 12.73953648073431 2.566243244542185 0 0
1428 12.5804245547229 2.519999900256774 0 0
1429 2.711130212211522 2.511844219343371 0 0
1430 2.698066104195449 2.607267047763982 0 0
1431 2.765194776320847 2.67477252427343 0 0
1432 2.673197205586009 2.699093316995168 0 0
1433 2.606145011698816 2.631653562239116 0 0
1434 2.581316282156334 2.723385463144358 0 0
1435 2.522422551961626 2.658477440285446 0 0
1436 2.648262291996543 2.791698734438878 0 0
1437 11.48437734704726 2.024471104208318 0 0
1438 11.22999157858906 1.649348619948411 0 0
1439 11.30146256366626 1.719139942144171 0 0
1440 12.46051368061802 1.677527449624288 0 0
1441 12.43443678698167 1.772552655761254 0 0
1442 12.44141757431091 2.384321482143816 0 0
1443 12.37231638135258 2.315310644121773 0 0
1444 12.39843276373585 2.220636448036744 0 0
1445 13.63025653629003 3.097910264165038 0 0
1446 13.944232964895 3.536427127631703 0 0
1447 3.767898822552438 2.143361974497277 0 0
1448 3.837076384307982 2.212473935489991 0 0
1449 2.622669084736942 2.885558347688725 0 0
1450 4.375969483871583 2.150244472324442 0 0
1451 12.12227631085206 1.942173435930967 0 0
1452 2.399116500861319 3.632519336657384 0 0
1453 2.395169829767473 3.536062120308201 0 0
1454 2.474710959482609 3.482612043960986 0 0
1455 2.561210109564851 3.524714403362695 0 0
1456 2.554276131798723 3.428645640425716 0 0
1457 2.467383951682325 3.384860103023157 0 0
1458 2.537849537563715 3.33857862082386 0 0
1459 2.642175097413821 3.472475823105263 0 0
1460 13.59581550555504 3.63323180907564 0 0
1461 8.376118651837936 1.624311949698255 0 0
1462 12.19143366639989 2.011926259411107 0 0
1463 4.949995107333032 1.080825492008677 0 0
1464 4.990528972246602 1.177050436017197 0 0
1465 4.150052049562878 1.086555585808355 0 0
1466 4.100093019809416 1.173009556381872 0 0
1467 4.000316150778643 1.173113705037251 0 0
1468 4.050216328138204 1.259381986449934 0 0
1469 4.149852623744096 1.259335959619308 0 0
1470 3.950606066640816 1.259503838557123 0 0
1471 4.000445794611009 1.345668210085804 0 0
1472 3.900927150134122 1.345787830159487 0 0
1473 3.950796559306484 1.431858930546725 0 0
1474 4.050174529083515 1.431769105724082 0 0
1475 3.851005294106612 1.259628178309671 0 0
1476 3.803486607557576 1.344717289070589 0 0
1477 3.751436124674063 1.259804228948544 0 0
1478 3.995574642113619 1.514967826659043 0 0
1479 3.904441781707245 1.515138312691995 0 0
1480 3.944259007972132 1.594727807583458 0 0
1481 3.837664074658421 1.592590199484784 0 0
1482 4.097762484135448 1.531041305109828 0 0
1483 4.14914821520367 1.433921555335107 0 0
1484 4.209686807141088 1.509778358433609 0 0
1485 4.250853677076376 1.426338476471403 0 0
1486 3.950181193611035 1.086605397387316 0 0
1487 11.8500427531253 1.083461519699552 0 0
1488 2.412721980080898 3.027493971109829 0 0
1489 4.008940158698328 1.903687304204177 0 0
1490 4.078248457605043 1.972972215460092 0 0
1491 11.04989170432642 1.085926239984264 0 0
1492 11.00000039420141 1.172929288675071 0 0
1493 10.90016765537931 1.173036746915459 0 0
1494 10.95281467917741 1.269865002568864 0 0
1495 10.85035321141003 1.259535629661419 0 0
1496 11.06812320194759 1.253256538386488 0 0
1497 11.1061403829556 1.162244196623052 0 0
1498 10.80259894281235 1.17186080622726 0 0
1499 12.04769268481417 1.086711506489253 0 0
1500 3.276600641897247 2.364389545917039 0 0
1501 2.878999312388045 3.311548443654199 0 0
1502 12.36456192178693 1.702002883048628 0 0
1503 4.263355081478754 2.274935374274569 0 0
1504 4.139159209469861 2.403702499980135 0 0
1505 4.071205091836728 2.3348103941174 0 0
1506 4.346813261677598 2.332925152664178 0 0
1507 4.199920918003101 1.173007559923187 0 0
1508 4.299684107348649 1.173203605047525 0 0
1509 4.249565196003736 1.259474484325911 0 0
1510 4.349261423037221 1.259630295799576 0 0
1511 4.399389914047388 1.173533058936058 0 0
1512 4.448805231490286 1.259985187035164 0 0
1513 4.39877535212266 1.345953988597983 0 0
1514 4.498209739131709 1.34239413716565 0 0
1515 4.548270799118863 1.259749988025114 0 0
1516 4.597642960341218 1.342051553049888 0 0
1517 4.644491370922496 1.261815661339198 0 0
1518 4.452810986050975 1.436748660388299 0 0
1519 4.694301145579058 1.346679711965938 0 0
1520 4.642329424447975 1.441665843028494 0 0
1521 4.348829803237547 1.431847492511929 0 0
1522 4.598381914094021 1.174476702620992 0 0
1523 4.710699488733602 1.183566279904302 0 0
1524 4.349795668926332 1.086795281948772 0 0
1525 4.449640609240324 1.087034783837865 0 0
1526 1.643116566982517 3.30965887118045 0 0
1527 13.69071116806458 3.512409811172325 0 0
1528 2.857376362663775 2.650350130311138 0 0
1529 2.998285323760278 2.440889771930933 0 0
1530 2.962343897607978 2.291321509199131 0 0
1531 12.22208075053448 2.714040852781779 0 0
1532 12.39907531388683 2.815355534076898 0 0
1533 12.38769384987171 2.719898890537639 0 0
1534 14.25030419786604 3.086293500479162 0 0
1535 14.19806842864587 3.189814567984114 0 0
1536 14.09971337328206 3.171310141699085 0 0
1537 14.30601054426759 3.172255624347251 0 0
1538 14.35103775260733 3.083336784474218 0 0
1539 4.299432033140917 1.344801752340372 0 0
1540 3.858292057882579 1.427810979645586 0 0
1541 3.466818421284541 1.607997042693948 0 0
1542 3.443014670348298 1.704323046623287 0 0
1543 12.09639904070521 2.037109098011506 0 0
1544 12.53735774838509 2.35808323819262 0 0
1545 11.99198921125681 2.40588506699486 0 0
1546 12.05419896225419 2.491741653106313 0 0
1547 12.15735781517721 2.459636733854682 0 0
1548 4.649920295235787 1.086556522811895 0 0
1549 4.74982800826824 1.089474619931678 0 0
1550 11.35201968313493 1.08867814251433 0 0
1551 11.24965832749423 1.081648340592501 0 0
1552 11.54992029523658 1.086556522811916 0 0
1553 11.49940803279906 1.169890369039491 0 0
1554 11.65113910333523 1.09140938469588 0 0
1555 3.085958585802113 1.749280056870638 0 0
1556 3.167918468538906 1.799369664656596 0 0
1557 3.17294300985324 1.700330444221201 0 0
1558 3.085408091709827 1.650009306258866 0 0
1559 3.182911468539625 1.589606845905228 0 0
1560 11.88820936300138 1.828102301406729 0 0
1561 11.88522472834051 2.175679916200176 0 0
1562 11.62936452046749 1.80965091279311 0 0
1563 3.750178370144213 1.086611633607352 0 0
1564 3.650044399624552 1.086579693724516 0 0
1565 3.60004300285754 1.173128918577277 0 0
1566 3.500108494500657 1.171890047479294 0 0
1567 3.549681620714461 1.239437993807574 0 0
1568 3.638043289722352 1.273839693234787 0 0
1569 3.698461888648202 1.175557145544038 0 0
1570 3.450062277578884 1.086402042061129 0 0
1571 3.400133084741376 1.171670241924953 0 0
1572 3.300152624057837 1.172993142497226 0 0
1573 3.352790830351055 1.268438954923099 0 0
1574 3.246084137340986 1.25718945922239 0 0
1575 3.198691908732164 1.169953427450291 0 0
1576 3.150357326033435 1.25995021449523 0 0
1577 5.149965645713092 1.085913208597467 0 0
1578 5.24996959066705 1.086478056920186 0 0
1579 5.299956140057233 1.173169773087137 0 0
1580 5.399959852489681 1.173209184636297 0 0
1581 5.35005332269183 1.259964887341701 0 0
1582 5.450059941046985 1.257902797872019 0 0
1583 5.499975831109733 1.172915531916442 0 0
1584 5.252131988370608 1.253780465258066 0 0
1585 5.533454924575947 1.247976225076229 0 0
1586 5.296245961051564 1.355961039758984 0 0
1587 5.406949125803109 1.344234548570762 0 0
1588 5.200539422598164 1.169025491588162 0 0
1589 12.23095142580674 2.525151963446335 0 0
1590 5.608404934814584 1.190716243805068 0 0
1591 11.89510233019232 1.472432950984762 0 0
1592 2.237886072595808 3.741606035262619 0 0
1593 13.7738252087511 3.737580367001837 0 0
1594 12.91340861372989 1.450019319482424 0 0
1595 4.099857373024744 1.345940432258278 0 0
1596 11.55917060340285 1.739933648415781 0 0
1597 12.13635150417165 2.656561670192812 0 0
1598 2.300894589512545 3.498505282225187 0 0
1599 5.55165165213833 1.089372597993503 0 0
1600 5.473520321171517 1.419391509306165 0 0
1601 12.55000399581925 1.086600233391143 0 0
1602 12.70056073622587 1.179828634819846 0 0
1603 12.75138938889504 1.089491492077059 0 0
1604 12.8158209781475 1.187296252972085 0 0
1605 12.91132882426803 1.248951710458474 0 0
1606 12.82681214671958 1.299999999999999 0 0
1607 5.663502383227287 1.724113114162827 0 0
1608 3.536102099076502 2.033060791223515 0 0
1609 5.66927130329118 1.367313675639039 0 0
1610 5.684070066283041 1.630160146154799 0 0
1611 3.250632846402966 1.085558705758861 0 0
1612 9.797131876717103 1.324483287789095 0 0
1613 9.823493134289336 1.230537521310127 0 0
1614 9.89367647724714 1.298454999989649 0 0
1615 9.919097150179978 1.201437254862362 0 0
1616 9.989710754105149 1.272194906170621 0 0
1617 9.840561185149685 1.141912655942121 0 0
1618 9.939241706507836 1.094863669355062 0 0
1619 9.964352320082925 1.368485658930477 0 0
1620 10.06086138885479 1.34229521246883 0 0
1621 10.08411574469081 1.247661153401048 0 0
1622 10.15700612605303 1.316477575840667 0 0
1623 10.17910567150914 1.225169522172509 0 0
1624 10.2532016718584 1.291005262471194 0 0
1625 10.27983223462143 1.179545680033034 0 0
1626 10.35034752442713 1.261775298548232 0 0
1627 10.38500542528058 1.167099227508698 0 0
1628 10.44693859463955 1.23777126705202 0 0
1629 10.87111084772786 1.660299949564866 0 0
1630 5.716093470688251 1.171123962110942 0 0
1631 5.78059898118984 1.603949050858835 0 0
1632 9.267962637603114 1.288631109195405 0 0
1633 9.28829842290614 1.179955547245938 0 0
1634 8.548065341199662 1.304016800241214 0 0
1635 8.557996275288264 1.202409314973217 0 0
1636 8.645178880615576 1.26006878334997 0 0
1637 7.466773744793466 1.326886919429138 0 0
1638 7.488151432162795 1.234441117196669 0 0
1639 7.562589513713364 1.301452918701974 0 0
1640 7.586959554959442 1.187425421198917 0 0
1641 7.660965560357317 1.2720024667189 0 0
1642 7.634194598339785 1.371274501479293 0 0
1643 7.36423237641201 1.713408286739261 0 0
1644 7.434001887776107 1.778061793066228 0 0
1645 6.842434476055494 1.316733815899726 0 0
1646 6.869213110467654 1.224444911676075 0 0
1647 6.939100740427463 1.291184148524339 0 0
1648 6.97266741572993 1.182851452184848 0 0
1649 7.009816959374279 1.361041924904151 0 0
1650 14.74939972787731 3.913220225693478 0 0
1651 14.79942771318038 3.831943323034773 0 0
1652 14.70001135197195 3.826801473306972 0 0
1653 14.75000000305149 3.740252036593297 0 0
1654 14.7475077365437 3.087258090724339 0 0
1655 14.79813832932202 3.173404469518947 0 0
1656 14.90772548414097 3.162969223019617 0 0
1657 14.84999999999459 3.259805488626961 0 0
1658 14.74793853964703 3.261534896588126 0 0
1659 14.80270377599194 3.34784396176472 0 0
1660 14.85227298443548 3.440593038553983 0 0
1661 14.7553596028102 3.43414367155964 0 0
1662 14.80313822320773 3.52326276167297 0 0
1663 14.83749769799248 3.617179646193244 0 0
1664 14.70757505319669 3.516931603793364 0 0
1665 14.7021420764525 3.34732580511688 0 0
1666 14.69227602718884 3.17727039767571 0 0
1667 14.54999999999999 3.089400022825694 0 0
1668 10.15016671755924 1.081642505909401 0 0
1669 9.346481878749636 1.086838500489154 0 0
1670 9.249999999999607 1.086602540378461 0 0
1671 8.352276272396493 1.913735967823406 0 0
1672 8.555840591433173 1.097528141165858 0 0
1673 10.54616033617411 1.099925851545718 0 0
1674 9.450000006843663 1.916929980538977 0 0
1675 9.350000028921775 1.91971294964916 0 0
1676 9.310309119502742 1.826179012161221 0 0
1677 9.199686736449705 1.827865252292098 0 0
1678 9.334879137908764 1.720518456827107 0 0
1679 9.149947901147202 1.913575771149399 0 0
1680 9.0999392042272 1.832257121696522 0 0
1681 9.135622737267624 1.755704411440545 0 0
1682 9.048167951923853 1.913021398894271 0 0
1683 8.999999828604123 1.826794771640053 0 0
1684 9.646957670189552 1.085592546153526 0 0
1685 9.5469746341391 1.078686836161108 0 0
1686 6.948875218023175 1.085750067482912 0 0
1687 7.6498005713052 1.910530185614783 0 0
1688 7.594990747470701 1.82628831249806 0 0
1689 7.550186147330462 1.915471641816765 0 0
1690 7.549999999999451 1.086602540378471 0 0
1691 6.35849724028242 1.097011128581767 0 0
1692 6.293179076516442 1.174504092131027 0 0
1693 8.956624352069168 1.102777049720397 0 0
1694 8.888344754973005 1.182633166602715 0 0
1695 8.79845113813646 1.172658962276181 0 0
1696 8.75052490943617 1.086059430859314 0 0
1697 8.704507140329492 1.16990243582259 0 0
1698 8.754000359131352 1.253299386366873 0 0
1699 7.954594417565839 1.098689843676916 0 0
1700 1.086129287932649 3.749180302719078 0 0
1701 1.171633857052702 3.697298657877182 0 0
1702 1.172942752293078 3.599586295408959 0 0
1703 1.265638224999948 3.651632645633114 0 0
1704 1.254996387351079 3.546259434186976 0 0
1705 1.179759964700949 3.81021418046562 0 0
1706 1.172380967845259 3.499391784371618 0 0
1707 1.256397331613984 3.447372710134823 0 0
1708 1.086431409550942 3.54984097780742 0 0
1709 1.171852838937943 3.399465977035716 0 0
1710 1.086331012044471 3.350025836426473 0 0
1711 1.172134249092345 3.299980575260647 0 0
1712 1.170098370799267 3.199261633114335 0 0
1713 1.259782026983435 3.249681812870783 0 0
1714 1.249614175308319 3.150834878662004 0 0
1715 9.950000074548603 1.913397477548909 0 0
1716 9.99907010351634 1.826259227089019 0 0
1717 9.899845825020732 1.827640525902405 0 0
1718 9.799976130357742 1.827869828045732 0 0
1719 9.959295556364124 1.728151334158433 0 0
1720 10.06560397730219 1.746882437087907 0 0
1721 9.749997028339804 1.913575670415859 0 0
1722 9.68895483860722 1.809894113905101 0 0
1723 9.751743046623803 1.738001695388459 0 0
1724 9.648158317104519 1.91219315248723 0 0
1725 6.150144844296921 1.913481085515726 0 0
1726 6.106786254016987 1.8110876221517 0 0
1727 6.197558777893782 1.844592106486961 0 0
1728 5.997844253766981 1.8264525502103 0 0
1729 6.121561262395795 1.695761274341086 0 0
1730 6.246128845207616 1.916645657823901 0 0
1731 1.255803383872768 3.899745870027076 0 0
1732 6.651633826903045 1.08551259085926 0 0
1733 6.597685238129417 1.18320661550807 0 0
1734 6.75166101797585 1.083157312834061 0 0
1735 7.059582277129937 1.898960970282315 0 0
1736 1.450000000000001 3.913397459621555 0 0
1737 7.749332880769822 1.086895443010132 0 0
1738 7.800639966850447 1.162686941816701 0 0
1739 7.699563866914382 1.175713185997103 0 0
1740 6.849771440808055 1.913529418335996 0 0
1741 6.894943702676074 1.829714173870137 0 0
1742 6.799119190590142 1.827303454809451 0 0
1743 6.851227063471338 1.741394339055611 0 0
1744 6.761053436965686 1.742291973266721 0 0
1745 6.703931133324089 1.825324798684899 0 0
1746 6.151505057307945 1.083762377978563 0 0
1747 7.841726960350027 1.918329211179611 0 0
1748 7.340584153698196 1.906391572103479 0 0
1749 8.156349506710123 1.914534115551499 0 0
1750 14.54624858099401 3.912686615620919 0 0
1751 6.192327065010071 1.402845397127412 0 0
1752 6.046224293966386 1.624986793611536 0 0
1753 5.928384259231528 1.384601985370397 0 0
1754 5.953797068177328 1.288572238635548 0 0
1755 6.289531601531403 1.374970257689785 0 0
1756 5.982488273662911 1.18180668616512 0 0
1757 6.749999999999961 1.913397459631915 0 0
1758 6.221079397420546 1.309878372600156 0 0
1759 6.669010117123447 1.626509527876978 0 0
1760 6.404961941526391 1.614236824428959 0 0
1761 6.552779201584542 1.394898209793221 0 0
1762 6.308576071513505 1.640505741272849 0 0
1763 6.577240473581975 1.294403309180087 0 0
1764 6.289224489720501 1.735152716877464 0 0
1765 6.816718016262212 1.413116574901603 0 0
1766 7.027838620454362 1.626469989678425 0 0
1767 7.177199835880591 1.405194946261211 0 0
1768 7.293330101312287 1.642864169293091 0 0
1769 7.00791750431684 1.726408843486867 0 0
1770 7.460632737856148 1.686651029444648 0 0
1771 7.106304854584737 1.334772228409504 0 0
1772 7.036760871194968 1.264337160792614 0 0
1773 7.441146561657122 1.423547394499847 0 0
1774 7.654081559185945 1.634695563393675 0 0
1775 7.801970509444559 1.415939426190426 0 0
1776 7.730487684622487 1.345866510407157 0 0
1777 7.917782320850764 1.653372208981776 0 0
1778 8.25675047206235 1.381111745761666 0 0
1779 8.063628464280821 1.435141052026698 0 0
1780 8.178545037282607 1.671080651197477 0 0
1781 7.891810356553674 1.746031825000272 0 0
1782 8.522362927622034 1.400217252260772 0 0
1783 8.733129604647853 1.613459726251486 0 0
1784 8.885259581037669 1.390217362727959 0 0
1785 8.99780912186178 1.629815865252569 0 0
1786 9.146965492098843 1.410257654581058 0 0
1787 10.32479884328301 1.36049319471244 0 0
1788 9.243254101066167 1.384390556640571 0 0
1789 9.359364335879109 1.622390296539599 0 0
1790 9.507463277529396 1.402491025789885 0 0
1791 9.623591452210517 1.640075392657578 0 0
1792 9.436773774455439 1.332723659338422 0 0
1793 9.364919875110813 1.261724112221068 0 0
1794 11.79340110191387 1.853727546943922 0 0
1795 9.771363639684509 1.42063576727292 0 0
1796 9.982149290756562 1.624929761645143 0 0
1797 10.14052985087202 1.678229261619161 0 0
1798 10.49179427229379 1.404265215464997 0 0
1799 10.65216104633876 1.086893156946664 0 0
1800 10.53641959670395 1.210374657155096 0 0
1801 5.450260322944477 1.087017771434776 0 0
1802 10.13177530375955 1.412792826445766 0 0
1803 5.328114540656205 1.638743506371959 0 0
1804 3.248326271942377 2.802370443140587 0 0
1805 10.34440397925037 1.624134486921684 0 0
1806 4.19930674736797 1.345565776335431 0 0
1807 10.85043698951021 1.08635875300559 0 0
1808 10.94750366421441 1.371979752021424 0 0
1809 3.301010815562711 2.271532486025393 0 0
1810 3.900522475000441 1.173138727473595 0 0
1811 11.97924461644085 2.551403345650403 0 0
1812 11.81310378037988 2.449234372429876 0 0
1813 10.31824351558253 1.719965136930004 0 0
1814 4.50724187006571 2.227079021314791 0 0
1815 4.017452930569239 2.558091667279576 0 0
1816 10.42098023786137 1.333215934340026 0 0
1817 3.349998467559288 1.371401920406651 0 0
1818 4.662714381219127 2.124730863754881 0 0
1819 11.39460211540801 1.695420307617779 0 0
1820 4.831566194390042 2.010862805098592 0 0
1821 11.86283401581994 1.9232712026974 0 0
1822 11.16535386220005 2.016846667814455 0 0
1823 3.06130627899325 2.853059851519939 0 0
1824 3.811926164868968 2.306243515510491 0 0
1825 2.96840441631788 2.878323561375921 0 0
1826 10.60793188593909 1.642311837773396 0 0
1827 2.957979841870903 2.152130886268083 0 0
1828 13.04240498092761 2.155784261925635 0 0
1829 4.850686340412283 1.408304640060648 0 0
1830 13.56213164327278 3.029789374399126 0 0
1831 12.13965181777492 2.201400282247437 0 0
1832 3.432579391494368 2.754890119449619 0 0
1833 2.353381359001271 2.757699502497033 0 0
1834 11.37416864379338 1.435120218498085 0 0
1835 3.295820300177238 2.61770173130968 0 0
1836 10.75533589727496 1.424541386054611 0 0
1837 2.157298906979246 2.957417591391393 0 0
1838 3.680216429069 1.45435729517653 0 0
1839 13.84147509210535 2.957672289043896 0 0
1840 4.499019669398164 1.173619983257276 0 0
1841 5.110947018475222 1.426932406027959 0 0
1842 3.800267358762096 1.173557075710275 0 0
1843 11.77875969112611 1.240633271643574 0 0
1844 1.356905506038442 3.287504518384666 0 0
1845 1.459216451321594 3.624821934450007 0 0
1846 10.94386034616043 1.73396034640968 0 0
1847 1.60907217480688 3.408724916785687 0 0
1848 14.60817094685783 3.707036493278646 0 0
1849 11.86965958890005 1.56793711557228 0 0
1850 12.10418864328521 1.682266173147497 0 0
1851 1.721104209713237 3.644375397404922 0 0
1852 3.506667680083614 2.474452882744093 0 0
1853 12.04231306447583 1.255333956961555 0 0
1854 4.051533255313627 2.067688794350314 0 0
1855 2.61820734702606 3.224473800785411 0 0
1856 10.58207089228897 1.736529737164153 0 0
1857 3.346313754961002 1.730035937846184 0 0
1858 12.44251263665775 1.415191271730509 0 0
1859 12.67820291322364 1.530752827955633 0 0
1860 2.00645163638 3.56765218195601 0 0
1861 2.640794940352422 3.137247499802285 0 0
1862 12.32928549957041 2.151329854009686 0 0
1863 5.133794027359728 1.33322328581142 0 0
1864 14.51536284198393 3.380268502754559 0 0
1865 1.362024602544743 3.650262140384983 0 0
1866 13.83304789290985 3.302807446286796 0 0
1867 3.91254433554409 1.929344413446893 0 0
1868 3.649122860639992 2.262289775316674 0 0
1869 14.36964588157913 3.597995697307702 0 0
1870 2.850873610185423 2.996364883003093 0 0
1871 12.16548204143074 2.10673177590668 0 0
1872 11.11348046049915 1.418156904547507 0 0
1873 13.74821541540237 2.98135160448635 0 0
1874 11.70448438760064 1.523571764611751 0 0
1875 13.64751178972984 3.351622547669439 0 0
1876 12.77213055181504 1.51093523931708 0 0
1877 11.63378251409481 1.453608004336909 0 0
1878 12.60589015726929 2.426467977883448 0 0
1879 10.9671759751642 1.63449777826973 0 0
1880 11.69872032242107 1.879394446524691 0 0
1881 2.740409520684289 2.767302697711639 0 0
1882 2.219634465716223 3.422489399983195 0 0
1883 12.12995226854128 1.587009505445042 0 0
1884 3.575314053979172 2.542557424291552 0 0
1885 12.33842494907669 1.797003039178159 0 0
1886 14.25455727973659 3.363319635563017 0 0
1887 14.34447616349508 3.693384891522574 0 0
1888 3.706824008578749 1.353924809332324 0 0
1889 12.4078602485782 1.867821155790525 0 0
1890 1.911498868325964 3.592454919003439 0 0
1891 11.79953051552244 1.497945988554142 0 0
1892 12.15577272681243 1.491487741039144 0 0
1893 11.72399640981264 1.784082775983986 0 0
1894 2.943874059790273 2.971209412488445 0 0
1895 3.643978040646539 2.609743325488836 0 0
1896 3.742982499899357 2.237314580746779 0 0
1897 12.50471965239889 1.849066508475418 0 0
1898 14.32235647034681 3.783195087333143 0 0
1899 12.25136867053234 1.46605436291065 0 0
1900 10.91693647380474 1.839363031749565 0 0
1901 1.8866457461648 3.686917882039075 0 0
1902 12.80947493267073 2.631473658865364 0 0
1903 12.27764147523915 1.37051682129289 0 0
1904 13.70806760335627 2.823452706520311 0 0
1905 11.46453238719353 1.765341546608164 0 0
1906 11.5387458760453 1.479357940971359 0 0
1907 3.467551592106223 1.965190041851092 0 0
1908 12.37307400070916 1.345079161743648 0 0
1909 13.63943056025407 2.756257740451653 0 0
1910 2.25931518768131 2.983946117751388 0 0
1911 3.085980158328238 2.760470569832965 0 0
1912 13.42099377335265 3.240761212657935 0 0
1913 14.27830255747334 3.267563144085583 0 0
1914 13.54258432956597 2.778768140485266 0 0
1915 10.78724045367858 1.324111092106152 0 0
1916 11.4688822303671 1.409984063452199 0 0
1917 4.146190156858183 2.04242446459314 0 0
1918 3.154721732233316 2.828107242285848 0 0
1919 3.786916393684521 2.399481257045539 0 0
1920 12.39647093370807 1.252233144291243 0 0
1921 7.628287452363205 1.731878763553912 0 0
1922 13.21586216060086 3.040815984381378 0 0
1923 4.898124887664348 1.768398023659447 0 0
1924 4.198155450982188 1.851859366477346 0 0
1925 13.01315860080143 2.835458481943195 0 0
1926 9.66625528097007 1.17712286428661 0 0
1927 4.361232384327408 1.89566160178659 0 0
1928 4.388169968246223 1.800400896714592 0 0
1929 4.172230372710497 1.947210386457259 0 0
1930 11.49682355281253 1.318248017505307 0 0
1931 4.551923000987381 1.844923438024979 0 0
1932 3.271543321465939 2.709997334463797 0 0
1933 13.50793269901116 2.622430459517537 0 0
1934 3.854712373159308 2.467721928235163 0 0
1935 13.43986459063963 2.555527362403772 0 0
1936 11.27980104089861 1.814847462661209 0 0
1937 3.561207613346489 1.939535553606752 0 0
1938 2.289575136910797 2.822908470244136 0 0
1939 13.36991105637251 3.416208398763063 0 0
1940 13.33859900927854 2.576145460731037 0 0
1941 3.680714134157363 1.817740745786218 0 0
1942 1.270195099279959 3.813633155536432 0 0
1943 3.340984278282728 2.778023435798765 0 0
1944 10.01363318272651 1.177085130475634 0 0
1945 13.3087426042828 2.421927838623801 0 0
1946 1.862973306066232 3.777549377881349 0 0
1947 3.655246863068067 1.913236118130635 0 0
1948 8.718985253224357 1.345751456800104 0 0
1949 2.805648954367809 3.36691134435929 0 0
1950 6.453083342394956 1.920658917690036 0 0
1951 13.24048529963449 2.354583152603221 0 0
1952 5.099999054968525 1.16972877947784 0 0
1953 7.940007949428727 1.912652005837107 0 0
1954 3.611127144457369 1.748527411190033 0 0
1955 3.40982853393602 2.846230979549048 0 0
1956 13.14169284332655 2.374254716259081 0 0
1957 12.9139440631233 1.646041846413612 0 0
1958 1.44983541632135 3.08971917618981 0 0
1959 12.6401166699633 2.932945060702985 0 0
1960 2.550965074704539 2.563792245437353 0 0
1961 3.056418509019462 3.198871333468864 0 0
1962 8.300858987931548 1.826588838943684 0 0
1963 11.32493673564026 2.121753069326259 0 0
1964 13.12311934629723 3.317110745378022 0 0
1965 1.25815122780659 3.348686097200192 0 0
1966 13.10637772497202 2.220099008845907 0 0
1967 10.22227688657748 1.742848153569008 0 0
1968 13.71471158563482 3.420985760609186 0 0
1969 12.35564569804086 1.086391421859754 0 0
1970 2.155747229950046 3.793196648280695 0 0
1971 12.65844498599903 1.27028233926669 0 0
1972 2.497470808811696 2.751603174947657 0 0
1973 3.712838990217229 2.674759393520578 0 0
1974 4.277468738531467 1.572411793032551 0 0
1975 12.13717521646279 2.55236417596858 0 0
1976 2.639085478501096 3.373474696243583 0 0
1977 7.530320931268117 1.752875582773162 0 0
1978 2.89810680226256 2.228913430050664 0 0
1979 13.33107819661545 3.265917956598624 0 0
1980 9.587486388076176 1.831036766370248 0 0
1981 9.850023891748911 1.741755192531332 0 0
1982 12.91704956254007 1.150713777132349 0 0
1983 3.153522902989293 1.0825215922146 0 0
1984 1.082103567993687 3.153038146574164 0 0
1985 1.081766790745067 3.848646740824832 0 0
1986 14.90762695025319 3.839801415739839 0 0
1987 3.25421300922103 1.760700006584776 0 0
1988 9.068710549232323 1.691093925090344 0 0
1989 5.949627414371542 1.916174789797097 0 0
1990 11.76856965928064 2.245715744084211 0 0
1991 12.87439361447972 3.053024273736704 0 0
1992 10.14922224855347 1.917950973955786 0 0
1993 9.39844825817345 1.169076325455163 0 0
1994 12.82049427788436 2.28749733509176 0 0
1995 14.60826238835689 3.358961836825291 0 0
1996 10.09947653118785 1.832431538617533 0 0
1997 9.056181119948539 1.084415270587168 0 0
1998 11.70858228585215 1.171018625449016 0 0
1999 2.390474647658265 3.444257990920182 0 0
2000 11.04506688213828 1.352784921722882 0 0
2001 7.764883992683157 1.250559933770863 0 0
2002 11.35317673906838 1.182893414917583 0 0
2003 8.819076219429306 1.323325619454722 0 0
2004 5.757916937646955 1.082106099070715 0 0
2005 11.11408151425293 1.768576313725699 0 0
2006 13.83723406321341 3.809267582439395 0 0
2007 3.457790717189201 1.254319515925549 0 0
2008 14.44896847065262 3.920297727164894 0 0
2009 11.65069346106646 2.341527375995054 0 0
2010 8.412083936501757 1.16872776174172 0 0
2011 12.7842246050348 2.133864724257857 0 0
2012 5.848364438512821 1.921002486600496 0 0
2013 13.60575382697199 3.538627199661093 0 0
2014 10.34248295295308 1.085945582026968 0 0
2015 5.24190861012751 1.917718434210221 0 0
2016 4.470289256148188 1.529961859481425 0 0
2017 5.516100897603523 1.715104670904745 0 0
2018 3.375928746047125 2.990841206284718 0 0
2019 8.086292850006792 1.339484652671462 0 0
2020 12.95401576883102 3.207218013373601 0 0
2021 12.47831235849328 2.886255237547164 0 0
2022 12.68627583325309 2.152704831666093 0 0
2023 6.987560456497931 1.822494533122044 0 0
2024 6.04890869340116 1.080493829875534 0 0
2025 2.530876502095169 3.249602903808851 0 0
2026 6.608328396583388 1.823475247560706 0 0
2027 3.239531450207816 1.857708363793503 0 0
2028 11.16823645405188 1.23267576421601 0 0
2029 7.06765473600687 1.183967516598708 0 0
2030 14.92243574992151 3.648454133829164 0 0
2031 6.20423920498907 1.166976530980984 0 0
2032 10.62767163796045 1.905901608525884 0 0
2033 7.351575571944702 1.078528862390425 0 0
2034 4.784261519573478 1.335088277833855 0 0
2035 12.64609755998302 1.994764767309023 0 0
2036 8.24223815646342 1.744861947851156 0 0
2037 1.650858678193682 3.079762246839151 0 0
2038 12.54727922542899 2.013168394250764 0 0
2039 1.648585010390229 3.9232661596332 0 0
2040 4.355569258168132 2.237800847250569 0 0
2041 11.81621120882498 2.345753121056138 0 0
2042 3.901359895618099 1.67841749620357 0 0
2043 10.55784406518039 1.832194279545703 0 0
2044 7.249718680187932 1.928036682598036 0 0
2045 7.416390207629299 1.16488835171322 0 0
2046 13.01533054570289 2.239488845393338 0 0
2047 14.12160825341416 3.829446578164456 0 0
2048 3.079349462027905 1.937437299785582 0 0
2049 11.25933677689445 1.904427374747133 0 0
2050 5.499913616440502 1.333691707401127 0 0
2051 3.04850950835619 2.265891512035695 0 0
2052 12.30647121648241 2.677434913550789 0 0
2053 6.808440626920501 1.159029213410871 0 0
2054 3.289491793802603 3.046397975358214 0 0
2055 12.75203565825447 1.252076294978208 0 0
2056 14.05795660729346 3.083801113464516 0 0
2057 1.59983560807191 3.15975809767654 0 0
2058 4.183665784962739 1.60402903025533 0 0
2059 3.074875243818782 1.450998346962453 0 0
2060 1.752686132476557 3.08141165853496 0 0
2061 12.08754807353098 1.16678574363382 0 0
2062 3.19478208123086 1.337443583225533 0 0
2063 12.92125957270831 2.264222325445902 0 0
2064 4.571221032142351 2.087867685362512 0 0
2065 9.23408481481616 1.739026047023359 0 0
2066 3.771345285430824 1.435686253205286 0 0
2067 8.549999999999928 1.927643236549874 0 0
2068 4.742125166297586 1.782337248018903 0 0
2069 10.11307029066419 1.160684071269772 0 0
2070 11.47368054581805 2.106071156864118 0 0
2071 7.493806190965203 1.840885549435027 0 0
2072 13.18548479955383 3.380444144946261 0 0
2073 12.83646722951412 1.582161779614354 0 0
2074 8.204356074514099 1.833964117682064 0 0
2075 1.801049975168878 3.370575680195613 0 0
2076 11.20777500131295 1.743852242476425 0 0
2077 1.935688197046782 3.081678425685605 0 0
2078 6.455043249552473 1.076295125729639 0 0
2079 12.22355116258785 2.619357676992333 0 0
2080 5.160758241814921 1.251763817910994 0 0
2081 3.930207197145702 2.520870691024018 0 0
2082 14.4084495571031 3.15808191587607 0 0
2083 8.037278679737364 1.171744278335693 0 0
2084 12.93398098947263 1.946239714485708 0 0
2085 7.863744798165919 1.228188305769823 0 0
2086 2.760720644079788 2.339095392578071 0 0
2087 14.7528292691017 3.594084413876567 0 0
2088 14.70108010794614 3.677430907389992 0 0
2089 9.761445631791908 1.178527884422182 0 0
2090 5.856931565777281 1.077768671757932 0 0
2091 12.8687871365266 3.14897273544432 0 0
2092 9.806072982756977 1.670209149044127 0 0
2093 4.8136770554852 1.159107182439941 0 0
2094 12.41784976762424 1.163496932548791 0 0
2095 14.66339639436458 3.436537368536595 0 0
2096 2.333380627310878 3.036617408279374 0 0
2097 1.246396876447213 3.74118725515641 0 0
2098 1.332761133954636 3.496095823612889 0 0
2099 7.870860605259574 1.836282956201051 0 0
2100 10.81261290940472 1.8466469664711 0 0
2101 4.040208516263299 2.417182970941013 0 0
2102 1.92159375696945 3.825797545467504 0 0
2103 6.550668831431197 1.927847451628885 0 0
2104 9.163598840862923 1.6646401340497 0 0
2105 13.97858525557074 3.775811305759126 0 0
2106 11.81038429511946 1.156607601909394 0 0
2107 3.772685867068606 2.732904119121065 0 0
2108 14.39130916698527 3.846403077004189 0 0
2109 6.823202097665384 1.662251634476207 0 0
2110 3.0663345551534 1.253103395137578 0 0
2111 8.838210552102781 1.930225791097453 0 0
2112 14.93321076034945 3.251137132622103 0 0
2113 9.4846215698192 1.845629506870626 0 0
2114 3.544474703991717 2.891361063682708 0 0
2115 1.25 3.066817503436213 0 0
2116 2.12740579850776 3.197870234396853 0 0
2117 13.32116332836129 3.346778794499146 0 0
2118 9.501808322985484 1.155051934370918 0 0
2119 13.6771590224322 3.60205663311069 0 0
2120 8.834861098371896 1.24283820369832 0 0
2121 8.490587850135467 1.158442900619481 0 0
2122 9.117420793808055 1.159488540027452 0 0
2123 3.14024779455971 3.157143727045627 0 0
2124 9.677167399270086 1.710778618936529 0 0
2125 12.57196977392517 2.865511042103222 0 0
2126 2.390238753509463 3.364461929331735 0 0
2127 2.226269470338167 3.661749265226923 0 0
2128 2.863798830153545 3.231661395289247 0 0
2129 3.155330342010167 1.893890415175282 0 0
2130 10.72054016329046 1.170635436751201 0 0
2131 14.93471914952302 3.449999999999997 0 0
2132 14.83341624706836 3.751102785347856 0 0
2133 5.178607713298928 1.845525538169946 0 0
2134 5.075309547084761 1.868315192662213 0 0
2135 10.14357216192136 1.762380925314516 0 0
2136 5.791371201122382 1.849674995782166 0 0
2137 1.994369883184307 3.330417479354968 0 0
2138 3.539670450940215 1.325740954280128 0 0
2139 2.669034418571244 2.43061877930225 0 0
2140 4.727299153394539 1.27399769400331 0 0
2141 11.89228895302368 2.418323327257195 0 0
2142 4.765772983780357 1.966605313113288 0 0
2143 14.02204667830444 3.154441571853336 0 0
2144 7.498768079927081 1.150720933647123 0 0
2145 6.20129823973071 1.760005252689975 0 0
2146 6.274806666880426 1.830948145267962 0 0
2147 4.547631130632429 1.408995311902914 0 0
2148 2.30020434612594 2.898310826734898 0 0
2149 6.932002917817498 1.755038195639308 0 0
2150 3.187485017290103 2.142705369147239 0 0
2151 2.300895936389404 3.166968005320806 0 0
2152 11.20626552875158 1.151453360638252 0 0
2153 7.149999999999369 1.062090658160197 0 0
2154 10.93238603515528 1.928457799646033 0 0
2155 5.601895261865184 1.300779240929157 0 0
2156 1.995624250674879 3.830957618824345 0 0
2157 1.587710974708664 3.84572138896343 0 0
2158 11.72881852486916 2.316178089813563 0 0
2159 14.12050672052109 3.246071831235116 0 0
2160 3.148295437024137 1.502350025002716 0 0
2161 6.897359218266898 1.147403474212981 0 0
2162 11.47896354718102 2.247770895464422 0 0
2163 3.883504283802617 2.657904864057496 0 0
2164 3.996390330430122 1.661269127535104 0 0
2165 11.24818139601543 1.99032856244934 0 0
2166 6.247235142747352 1.234288265469495 0 0
2167 12.85244854021064 1.500115373209035 0 0
2168 10.45097379313552 1.937750830947614 0 0
2169 2.637456143369617 2.564241663822848 0 0
2170 8.123878437399721 1.840176025647992 0 0
2171 14.67240268724416 3.753261083569313 0 0
2172 4.296375512293736 1.492298496676085 0 0
2173 8.923690329134718 1.815484410101671 0 0
2174 14.02250285859802 3.839062058138059 0 0
2175 5.645672821355893 1.82190689756785 0 0
2176 12.92679491924311 1.073205080756911 0 0
2177 3.073205080756871 1.073205080756912 0 0
2178 1.073205080756889 3.926794919243112 0 0
2179 1.073205080756886 3.07320508075689 0 0
2180 14.92679491924315 3.073205080756806 0 0
2181 14.9267949192431 3.92679491924314 0 0
2182 7.139791796280541 1.838262373467608 0 0
2183 1.321804717524608 3.195919494365107 0 0
2184 12.37814555314483 2.645530848462489 0 0
2185 8.500072230136999 1.854114580267331 0 0
2186 13.02188230935099 3.171651319241253 0 0
2187 1.640790495303247 3.225040948952812 0 0
2188 4.4316695446885 2.205983124549559 0 0
2189 12.49936731094422 1.148887775828277 0 0
2190 2.334844042226748 3.586619069249058 0 0
2191 10.46670123449903 1.161418340732566 0 0
2192 3.284724027375891 1.327726362450678 0 0
2193 10.8843531813859 1.328350547914241 0 0
2194 12.17180237802871 1.160116109287928 0 0
2195 3.826085706125347 1.504169557520818 0 0
2196 2.427326605400709 2.779206808842118 0 0
2197 7.402129557301751 1.853365652282503 0 0
2198 10.19999999999981 1.144710174798503 0 0
2199 11.52569665090608 1.244531286343897 0 0
2200 14.62923839406879 3.512944653768725 0 0
2201 14.78946802459853 3.677754018759501 0 0
2202 7.887058761726454 1.152864657685301 0 0
2203 6.512162803044451 1.152179022439992 0 0
2204 5.211719802929027 1.324966517600964 0 0
2205 13.34017436681354 3.48938985917694 0 0
2206 13.98371683116118 3.907027945971385 0 0
2207 12.838513279798 1.848383056009567 0 0
2208 5.901208834620667 1.144142835017561 0 0
2209 2.019067251609602 3.907299050149281 0 0
2210 4.196365176175183 2.465807469082117 0 0
2211 14.49842890407884 3.144162346086112 0 0
2212 13.75092375813897 3.66169888738956 0 0
2213 3.143673117710568 1.972623796597588 0 0
2214 12.61103024676301 3.007012270143472 0 0
2215 2.890211867845 2.314270860715242 0 0
2216 1.735283796980953 3.317808815092871 0 0
2217 9.847114698807978 1.062132610337599 0 0
2218 12.45792266778851 2.741552915941246 0 0
2219 4.899985671201619 1.142000194876355 0 0
2220 9.199830778631936 1.144943713715964 0 0
2221 4.82959335728189 1.743239017686211 0 0
2222 1.883443306569755 3.150923996959151 0 0
2223 7.792862439317843 1.850502094967721 0 0
2224 4.957510834280489 1.719890067093214 0 0
2225 3.377539319989253 2.910986896006235 0 0
2226 9.052001855201993 1.770287245753864 0 0
2227 4.65484995144072 2.047815130728325 0 0
2228 6.417692437035478 1.848159061388965 0 0
2229 5.057140092538668 1.940142657103921 0 0
2230 2.984572960089739 2.222747275623195 0 0
2231 11.80872127760512 2.185255842342049 0 0
2232 11.42124669443335 1.154170438531145 0 0
2233 11.90001142260109 1.140711834966637 0 0
2234 1.322946735273709 3.587856445167199 0 0
2235 8.961675683531544 1.203541315360318 0 0
2236 6.368932377960297 1.191327045945386 0 0
2237 10.77807694457467 1.929607691129713 0 0
2238 2.471013014737999 2.604953942128668 0 0
2239 8.62494290639513 1.161094053248832 0 0
2240 2.729600208808068 3.345924700622031 0 0
2241 14.3019080212245 3.85882311189343 0 0
2242 8.149177449468665 1.05763250577663 0 0
2243 9.594203558043423 1.145003956865423 0 0
2244 5.482332334673151 1.650289841057603 0 0
2245 2.608314812932917 3.299876496595683 0 0
2246 1.849510860016743 3.944047111797824 0 0
2247 11.96623442592561 2.479247413728523 0 0
2248 1.335008047973598 3.841332577139922 0 0
2249 6.730937665496286 1.670244400340337 0 0
2250 8.749999999999947 1.94758300566584 0 0
2251 9.400000014777527 1.861155275407121 0 0
2252 4.024015248218755 1.586482487042855 0 0
2253 11.31856825023028 2.050941016267771 0 0
2254 3.143536449363975 3.074006856795791 0 0
2255 10.77864785835628 1.240807998401509 0 0
2256 11.29529689989389 1.139926376511656 0 0
2257 10.04560019897124 1.670498352090521 0 0
2258 4.009444538329324 2.482431473707895 0 0
2259 14.86198482243098 3.686474323156046 0 0
2260 1.501051421686835 3.860901090642376 0 0
2261 5.70527616695556 1.860564889891152 0 0
