238 0 -16.34999999999991
237 0 -32.69999999999982
236 0 -32.69999999999982
235 0 -32.69999999999982
234 0 -32.69999999999982
233 0 -32.69999999999982
232 0 -32.69999999999996
231 0 -32.69999999999982
230 0 -32.69999999999982
229 0 -32.70000000000011
228 0 -32.70000000000011
227 0 -32.69999999999996
226 0 -32.69999999999982
225 0 -32.7000000000001
224 0 -32.700000000000394
223 0 -32.7000000000001
222 0 -32.69999999999982
221 0 -32.7000000000001
220 0 -32.7000000000001
219 0 -32.69999999999982
218 0 -32.7000000000001
217 0 -32.7000000000001
216 0 -32.7000000000001
215 0 -32.7000000000001
214 0 -32.7000000000001
213 0 -32.7000000000001
212 0 -32.69999999999982
211 0 -32.7000000000001
210 0 -32.7000000000001
209 0 -32.7000000000001
208 0 -16.350000000000197
