0 0.0000 0.0000 0 -1
1 4.0000 0.0000 -1 0
2 4.0000 2.0000 -1 0
3 0.0000 2.0000 0 0
4 1.2500 1.0000 0 0
5 1.0000 1.2500 0 0
6 0.7500 1.0000 0 0
7 1.0000 0.7500 0 0
8 0.1000 0.0000 0 -1
9 0.2000 0.0000 0 -1
10 0.3000 0.0000 0 -1
11 0.4000 0.0000 0 -1
12 0.5000 0.0000 0 -1
13 0.6000 0.0000 0 -1
14 0.7000 0.0000 0 -1
15 0.8000 0.0000 0 -1
16 0.9000 0.0000 0 -1
17 1.0000 0.0000 0 -1
18 1.1000 0.0000 0 -1
19 1.2000 0.0000 0 -1
20 1.3000 0.0000 0 -1
21 1.4000 0.0000 0 -1
22 1.5000 0.0000 0 -1
23 1.6000 0.0000 0 -1
24 1.7000 0.0000 0 -1
25 1.8000 0.0000 0 -1
26 1.9000 0.0000 0 -1
27 2.0000 0.0000 0 -1
28 2.1000 0.0000 0 -1
29 2.2000 0.0000 0 -1
30 2.3000 0.0000 0 -1
31 2.4000 0.0000 0 -1
32 2.5000 0.0000 0 -1
33 2.6000 0.0000 0 -1
34 2.7000 0.0000 0 -1
35 2.8000 0.0000 0 -1
36 2.9000 0.0000 0 -1
37 3.0000 0.0000 0 -1
38 3.1000 0.0000 0 -1
39 3.2000 0.0000 0 -1
40 3.3000 0.0000 0 -1
41 3.4000 0.0000 0 -1
42 3.5000 0.0000 0 -1
43 3.6000 0.0000 0 -1
44 3.7000 0.0000 0 -1
45 3.8000 0.0000 0 -1
46 3.9000 0.0000 0 -1
47 4.0000 0.1000 -1 0
48 4.0000 0.2000 -1 0
49 4.0000 0.3000 -1 0
50 4.0000 0.4000 -1 0
51 4.0000 0.5000 -1 0
52 4.0000 0.6000 -1 0
53 4.0000 0.7000 -1 0
54 4.0000 0.8000 -1 0
55 4.0000 0.9000 -1 0
56 4.0000 1.0000 -1 0
57 4.0000 1.1000 -1 0
58 4.0000 1.2000 -1 0
59 4.0000 1.3000 -1 0
60 4.0000 1.4000 -1 0
61 4.0000 1.5000 -1 0
62 4.0000 1.6000 -1 0
63 4.0000 1.7000 -1 0
64 4.0000 1.8000 -1 0
65 4.0000 1.9000 -1 0
66 3.9000 2.0000 0 0
67 3.8000 2.0000 0 0
68 3.7000 2.0000 0 0
69 3.6000 2.0000 0 0
70 3.5000 2.0000 0 0
71 3.4000 2.0000 0 0
72 3.3000 2.0000 0 0
73 3.2000 2.0000 0 0
74 3.1000 2.0000 0 0
75 3.0000 2.0000 0 0
76 2.9000 2.0000 0 0
77 2.8000 2.0000 0 0
78 2.7000 2.0000 0 0
79 2.6000 2.0000 0 0
80 2.5000 2.0000 0 0
81 2.4000 2.0000 0 0
82 2.3000 2.0000 0 0
83 2.2000 2.0000 0 0
84 2.1000 2.0000 0 0
85 2.0000 2.0000 0 0
86 1.9000 2.0000 0 0
87 1.8000 2.0000 0 0
88 1.7000 2.0000 0 0
89 1.6000 2.0000 0 0
90 1.5000 2.0000 0 0
91 1.4000 2.0000 0 0
92 1.3000 2.0000 0 0
93 1.2000 2.0000 0 0
94 1.1000 2.0000 0 0
95 1.0000 2.0000 0 0
96 0.9000 2.0000 0 0
97 0.8000 2.0000 0 0
98 0.7000 2.0000 0 0
99 0.6000 2.0000 0 0
100 0.5000 2.0000 0 0
101 0.4000 2.0000 0 0
102 0.3000 2.0000 0 0
103 0.2000 2.0000 0 0
104 0.1000 2.0000 0 0
105 -0.0865 1.9519 0 0
106 -0.1684 1.8962 0 0
107 -0.2451 1.8336 0 0
108 -0.3159 1.7644 0 0
109 -0.3803 1.6893 0 0
110 -0.4378 1.6087 0 0
111 -0.4880 1.5234 0 0
112 -0.5304 1.4339 0 0
113 -0.5647 1.3411 0 0
114 -0.5907 1.2455 0 0
115 -0.6082 1.1481 0 0
116 -0.6169 1.0495 0 0
117 -0.6169 0.9505 0 0
118 -0.6082 0.8519 0 0
119 -0.5907 0.7545 0 0
120 -0.5647 0.6589 0 0
121 -0.5304 0.5661 0 0
122 -0.4880 0.4766 0 0
123 -0.4378 0.3913 0 0
124 -0.3803 0.3107 0 0
125 -0.3159 0.2356 0 0
126 -0.2451 0.1664 0 0
127 -0.1684 0.1038 0 0
128 -0.0865 0.0481 0 0
129 1.2310 1.0957 0 0
130 1.1768 1.1768 0 0
131 1.0957 1.2310 0 0
132 0.9043 1.2310 0 0
133 0.8232 1.1768 0 0
134 0.7690 1.0957 0 0
135 0.7690 0.9043 0 0
136 0.8232 0.8232 0 0
137 0.9043 0.7690 0 0
138 1.0957 0.7690 0 0
139 1.1768 0.8232 0 0
140 1.2310 0.9043 0 0
141 2.2477 1.9146 0 0
142 2.9500 1.9134 0 0
143 2.5616 0.0860 0 0
144 2.9554 0.0874 0 0
145 2.1499 0.0866 0 0
146 3.9134 0.9500 0 0
147 1.3290 1.0689 0 0
148 -0.5310 0.9984 0 0
149 -0.3839 0.4832 0 0
150 -0.3998 1.5209 0 0
151 3.3464 1.9115 0 0
152 0.6786 0.9369 0 0
153 3.3578 0.0816 0 0
154 1.8501 1.9134 0 0
155 1.7286 0.0914 0 0
156 0.2483 1.9132 0 0
157 0.2392 0.0903 0 0
158 3.9144 1.3500 0 0
159 2.5500 1.9134 0 0
160 3.9134 0.6500 0 0
161 1.2742 0.8168 0 0
162 0.7259 1.1832 0 0
163 1.5528 1.9167 0 0
164 0.5626 0.0860 0 0
165 1.4500 0.0866 0 0
166 0.5462 1.9075 0 0
167 -0.1525 1.7985 0 0
168 -0.1535 0.2083 0 0
169 1.1801 1.2741 0 0
170 0.8226 0.7253 0 0
171 1.0643 0.6767 0 0
172 0.9545 1.3212 0 0
173 1.2558 1.9194 0 0
174 0.8535 0.0830 0 0
175 -0.4905 1.2769 0 0
176 -0.5025 0.7402 0 0
177 3.6542 0.0923 0 0
178 3.6535 1.9049 0 0
179 0.8472 1.9056 0 0
180 1.1499 0.0866 0 0
181 3.9134 0.3500 0 0
182 3.9134 1.6500 0 0
183 1.0500 1.9134 0 0
184 1.9458 0.0865 0 0
185 2.0499 1.9135 0 0
186 2.3499 0.0866 0 0
187 2.7475 0.0906 0 0
188 3.1584 0.0847 0 0
189 3.9139 1.1500 0 0
190 3.1483 1.9142 0 0
191 2.7500 1.9134 0 0
192 -0.2838 1.6701 0 0
193 -0.2839 0.3128 0 0
194 -0.0050 0.1139 0 0
195 0.0557 1.9150 0 0
196 3.8408 0.0906 0 0
197 3.8408 1.9094 0 0
198 1.2246 0.7325 0 0
199 1.3183 0.7286 0 0
200 1.2641 0.6472 0 0
201 1.3610 0.6413 0 0
202 1.4155 0.7228 0 0
203 1.4589 0.6349 0 0
204 1.5136 0.7171 0 0
205 1.5572 0.6286 0 0
206 1.6119 0.7110 0 0
207 1.6556 0.6221 0 0
208 1.7105 0.7044 0 0
209 1.7543 0.6156 0 0
210 1.8092 0.6980 0 0
211 1.7653 0.7868 0 0
212 1.8642 0.7805 0 0
213 1.8201 0.8693 0 0
214 1.9191 0.8630 0 0
215 1.8750 0.9519 0 0
216 1.9741 0.9455 0 0
217 2.0182 0.8566 0 0
218 2.0732 0.9393 0 0
219 2.1174 0.8503 0 0
220 2.1724 0.9330 0 0
221 2.2166 0.8439 0 0
222 2.2716 0.9269 0 0
223 2.3160 0.8375 0 0
224 2.3710 0.9207 0 0
225 2.4154 0.8312 0 0
226 2.4707 0.9143 0 0
227 2.5149 0.8248 0 0
228 2.5702 0.9080 0 0
229 2.4260 1.0042 0 0
230 2.6145 0.8184 0 0
231 2.6698 0.9015 0 0
232 2.7141 0.8120 0 0
233 2.7694 0.8951 0 0
234 2.7251 0.9845 0 0
235 2.8247 0.9782 0 0
236 2.8690 0.8888 0 0
237 2.9243 0.9718 0 0
238 2.9686 0.8824 0 0
239 3.0239 0.9655 0 0
240 3.0683 0.8760 0 0
241 2.1280 1.0222 0 0
242 2.9795 1.0549 0 0
243 3.0793 1.0486 0 0
244 3.0349 1.1381 0 0
245 3.1346 1.1318 0 0
246 3.0129 0.7929 0 0
247 3.1126 0.7865 0 0
248 3.0903 1.2213 0 0
249 2.9905 1.2276 0 0
250 3.1900 1.2149 0 0
251 3.2343 1.1254 0 0
252 2.2608 0.7547 0 0
253 2.6588 0.7292 0 0
254 3.2897 1.2086 0 0
255 3.0573 0.7034 0 0
256 3.1569 0.6970 0 0
257 3.2453 1.2981 0 0
258 3.3340 1.1190 0 0
259 1.8532 0.6092 0 0
260 3.3451 1.2918 0 0
261 3.3007 1.3813 0 0
262 3.4004 1.3750 0 0
263 3.1016 0.6138 0 0
264 3.2013 0.6075 0 0
265 3.2567 0.6906 0 0
266 3.3010 0.6011 0 0
267 3.3564 0.6843 0 0
268 3.4007 0.5947 0 0
269 1.3066 0.5595 0 0
270 3.4561 0.6779 0 0
271 1.6007 0.5399 0 0
272 1.7760 0.9582 0 0
273 1.8309 1.0407 0 0
274 3.4969 0.5866 0 0
275 1.7321 1.0471 0 0
276 1.7869 1.1295 0 0
277 1.6881 1.1357 0 0
278 1.7430 1.2182 0 0
279 1.8418 1.2119 0 0
280 1.7978 1.3007 0 0
281 1.8968 1.2945 0 0
282 1.6989 1.3069 0 0
283 1.7537 1.3895 0 0
284 1.6548 1.3956 0 0
285 1.7085 1.4777 0 0
286 1.6105 1.4843 0 0
287 3.3561 1.4645 0 0
288 3.2563 1.4709 0 0
289 3.4558 1.4582 0 0
290 3.5002 1.3686 0 0
291 3.2456 0.5179 0 0
292 2.4597 0.7418 0 0
293 3.0019 0.6202 0 0
294 3.0462 0.5307 0 0
295 2.9465 0.5371 0 0
296 1.7981 0.5267 0 0
297 1.8971 0.5202 0 0
298 1.8046 1.4735 0 0
299 3.4445 0.5049 0 0
300 3.5554 1.4497 0 0
301 3.5111 1.5431 0 0
302 3.5406 0.4967 0 0
303 1.5559 1.4019 0 0
304 1.5119 1.4906 0 0
305 3.5664 0.6623 0 0
306 3.5133 0.7596 0 0
307 1.6641 1.5663 0 0
308 3.4886 0.4152 0 0
309 1.8420 0.4377 0 0
310 1.9412 0.4312 0 0
311 1.9963 0.5139 0 0
312 2.0404 0.4247 0 0
313 2.9908 0.4475 0 0
314 2.8911 0.4542 0 0
315 3.3117 1.5541 0 0
316 3.2120 1.5604 0 0
317 3.6113 0.7548 0 0
318 3.5672 0.8441 0 0
319 3.3120 0.7738 0 0
320 3.5857 0.4083 0 0
321 3.5999 1.3619 0 0
322 1.6334 1.0534 0 0
323 3.6490 1.4419 0 0
324 1.4699 0.8061 0 0
325 1.5896 1.1419 0 0
326 3.1566 1.4772 0 0
327 3.1122 1.5668 0 0
328 3.0568 1.4836 0 0
329 3.0123 1.5713 0 0
330 2.9571 1.4896 0 0
331 2.9126 1.5772 0 0
332 2.8573 1.4959 0 0
333 2.8128 1.5824 0 0
334 2.7576 1.5020 0 0
335 2.7159 1.5823 0 0
336 2.6582 1.5033 0 0
337 2.7023 1.4184 0 0
338 2.6027 1.4247 0 0
339 2.5580 1.5102 0 0
340 2.5030 1.4312 0 0
341 2.4586 1.5206 0 0
342 2.4034 1.4382 0 0
343 2.3589 1.5236 0 0
344 2.3038 1.4441 0 0
345 2.2596 1.5343 0 0
346 2.3481 1.3554 0 0
347 2.6470 1.3363 0 0
348 2.2487 1.3617 0 0
349 2.4144 1.6110 0 0
350 2.2929 1.2726 0 0
351 2.3924 1.2662 0 0
352 3.5446 1.2790 0 0
353 2.7803 1.0677 0 0
354 2.6804 1.0742 0 0
355 2.0956 0.5075 0 0
356 2.1398 0.4204 0 0
357 2.1950 0.5015 0 0
358 2.2392 0.4143 0 0
359 2.2944 0.4952 0 0
360 2.3386 0.4059 0 0
361 2.1935 1.2785 0 0
362 2.1493 1.3682 0 0
363 2.3939 0.4885 0 0
364 2.4381 0.3990 0 0
365 2.4935 0.4820 0 0
366 2.5369 0.3931 0 0
367 2.5927 0.4756 0 0
368 2.6371 0.3866 0 0
369 3.6445 0.4966 0 0
370 1.4461 1.4030 0 0
371 1.4132 1.4967 0 0
372 1.4679 1.5792 0 0
373 1.3691 1.5853 0 0
374 3.6443 1.2726 0 0
375 3.5889 1.1894 0 0
376 1.3148 1.5070 0 0
377 1.2705 1.5921 0 0
378 1.2162 1.5143 0 0
379 1.1719 1.5984 0 0
380 1.4238 1.6679 0 0
381 3.2673 1.6436 0 0
382 3.5305 0.3275 0 0
383 3.4333 0.3325 0 0
384 3.6373 0.3153 0 0
385 2.9388 0.3616 0 0
386 3.0407 0.3555 0 0
387 1.8860 0.3485 0 0
388 1.7868 0.3550 0 0
389 1.1173 1.5151 0 0
390 1.0733 1.6035 0 0
391 3.0698 1.6536 0 0
392 3.6643 0.8395 0 0
393 2.7466 1.3298 0 0
394 2.7584 0.7226 0 0
395 3.2787 1.0359 0 0
396 3.3784 1.0295 0 0
397 3.6219 0.9276 0 0
398 1.9409 1.2056 0 0
399 2.0623 0.7676 0 0
400 2.0882 0.3415 0 0
401 2.8767 1.6606 0 0
402 2.2879 0.3284 0 0
403 1.1277 1.6840 0 0
404 1.0289 1.6876 0 0
405 0.9745 1.6088 0 0
406 0.9306 1.7022 0 0
407 0.8758 1.6160 0 0
408 0.8319 1.7099 0 0
409 0.7770 1.6225 0 0
410 0.7328 1.7111 0 0
411 0.6782 1.6274 0 0
412 0.7224 1.5391 0 0
413 0.6237 1.5448 0 0
414 0.5795 1.6332 0 0
415 0.5251 1.5507 0 0
416 0.4809 1.6390 0 0
417 0.4266 1.5564 0 0
418 0.4707 1.4682 0 0
419 0.3723 1.4740 0 0
420 0.4164 1.3859 0 0
421 0.3181 1.3917 0 0
422 0.3622 1.3037 0 0
423 0.2639 1.3095 0 0
424 0.3080 1.2215 0 0
425 0.2097 1.2274 0 0
426 0.2538 1.1393 0 0
427 0.1555 1.1452 0 0
428 0.1997 1.0571 0 0
429 0.1014 1.0628 0 0
430 0.1456 0.9748 0 0
431 0.0471 0.9808 0 0
432 0.0914 0.8925 0 0
433 0.1898 0.8867 0 0
434 0.1356 0.8044 0 0
435 0.2339 0.7986 0 0
436 0.1797 0.7164 0 0
437 0.2782 0.7105 0 0
438 0.0570 1.1515 0 0
439 0.2198 1.3978 0 0
440 0.0370 0.8103 0 0
441 0.2238 0.6282 0 0
442 0.3224 0.6224 0 0
443 0.2681 0.5399 0 0
444 0.3667 0.5341 0 0
445 0.1694 0.5457 0 0
446 0.3286 1.5627 0 0
447 0.4203 0.6147 0 0
448 0.4653 0.5287 0 0
449 0.2970 1.0520 0 0
450 0.4110 0.4459 0 0
451 0.5097 0.4402 0 0
452 0.3256 0.7967 0 0
453 0.2138 0.4573 0 0
454 0.1151 0.4631 0 0
455 0.4025 1.2142 0 0
456 0.5640 0.5237 0 0
457 0.6084 0.4347 0 0
458 0.0707 0.5516 0 0
459 0.0163 0.4690 0 0
460 -0.0280 0.5574 0 0
461 0.1594 0.3747 0 0
462 0.4554 0.3575 0 0
463 0.5255 1.3815 0 0
464 0.6626 0.5172 0 0
465 0.7071 0.4289 0 0
466 0.6165 0.6083 0 0
467 0.6528 0.3462 0 0
468 0.7516 0.3406 0 0
469 0.8058 0.4233 0 0
470 0.8504 0.3373 0 0
471 0.9045 0.4181 0 0
472 0.9492 0.3322 0 0
473 1.0032 0.4127 0 0
474 1.0480 0.3277 0 0
475 1.1019 0.4067 0 0
476 1.1418 0.3282 0 0
477 -0.0824 0.4749 0 0
478 -0.1267 0.5633 0 0
479 0.6973 0.2577 0 0
480 2.4820 0.3139 0 0
481 3.6842 1.1808 0 0
482 0.9980 0.2396 0 0
483 0.8536 0.5187 0 0
484 -0.0382 0.3864 0 0
485 3.7213 0.7515 0 0
486 1.5350 1.0597 0 0
487 1.4951 1.1454 0 0
488 3.4751 0.2448 0 0
489 0.7673 1.2674 0 0
490 0.6767 1.0643 0 0
491 0.5921 1.0000 0 0
492 0.5831 0.9005 0 0
493 0.6234 1.1583 0 0
494 0.5052 0.9532 0 0
495 1.2670 1.2245 0 0
496 0.7331 0.7751 0 0
497 1.5787 0.9714 0 0
498 1.4803 0.9777 0 0
499 2.3371 1.1833 0 0
500 2.4366 1.1768 0 0
501 0.6676 1.4582 0 0
502 0.7607 1.4489 0 0
503 2.9017 1.4067 0 0
504 2.8468 0.5441 0 0
505 -0.0723 0.6458 0 0
506 -0.1709 0.6517 0 0
507 -0.1165 0.7342 0 0
508 -0.2151 0.7401 0 0
509 -0.1608 0.8225 0 0
510 -0.2594 0.8284 0 0
511 -0.2050 0.9109 0 0
512 -0.3042 0.9171 0 0
513 -0.2499 0.9996 0 0
514 -0.2696 0.6576 0 0
515 -0.1507 0.9934 0 0
516 -0.1949 1.0817 0 0
517 -0.2934 1.0875 0 0
518 -0.2402 1.1694 0 0
519 -0.1406 1.1639 0 0
520 -0.1848 1.2522 0 0
521 -0.2846 1.2576 0 0
522 -0.2291 1.3406 0 0
523 -0.1303 1.3347 0 0
524 -0.1744 1.4231 0 0
525 -0.0758 1.4172 0 0
526 -0.1199 1.5056 0 0
527 -0.0213 1.4997 0 0
528 -0.0655 1.5881 0 0
529 0.0332 1.5821 0 0
530 -0.0110 1.6706 0 0
531 0.0878 1.6647 0 0
532 -0.0316 1.3288 0 0
533 3.3671 1.6373 0 0
534 3.1679 0.8696 0 0
535 3.4675 0.8503 0 0
536 2.8357 0.3707 0 0
537 2.8840 0.2779 0 0
538 2.7819 0.2883 0 0
539 0.3566 0.3631 0 0
540 0.4010 0.2745 0 0
541 1.5228 1.6617 0 0
542 0.5985 0.2638 0 0
543 0.3021 0.2803 0 0
544 2.1507 0.5902 0 0
545 0.9156 1.5208 0 0
546 2.3495 0.5776 0 0
547 0.1318 1.5761 0 0
548 0.1865 1.6587 0 0
549 2.7030 0.6400 0 0
550 2.5484 0.5646 0 0
551 1.2065 0.5686 0 0
552 -0.3277 1.3456 0 0
553 1.0643 1.3233 0 0
554 1.2514 0.4794 0 0
555 1.3501 0.4716 0 0
556 0.1423 1.7463 0 0
557 0.2408 1.7406 0 0
558 1.8308 0.2658 0 0
559 1.7317 0.2746 0 0
560 1.6875 0.3619 0 0
561 1.6324 0.2816 0 0
562 1.5883 0.3681 0 0
563 1.5331 0.2854 0 0
564 1.2953 0.3948 0 0
565 0.6649 1.2536 0 0
566 1.2708 1.3175 0 0
567 1.9344 0.2611 0 0
568 3.7318 0.9341 0 0
569 1.3522 1.2647 0 0
570 0.5009 1.0479 0 0
571 0.5354 1.7246 0 0
572 0.4369 1.7281 0 0
573 -0.1811 0.4808 0 0
574 0.9357 0.6767 0 0
575 1.0000 0.5919 0 0
576 3.3781 0.2510 0 0
577 3.3341 0.3391 0 0
578 3.2788 0.2574 0 0
579 3.2345 0.3455 0 0
580 3.1813 0.2634 0 0
581 3.7456 1.2617 0 0
582 3.3264 1.7297 0 0
583 3.4225 1.7205 0 0
584 3.2254 1.7344 0 0
585 0.4960 0.8592 0 0
586 0.5715 0.8059 0 0
587 1.5863 0.1967 0 0
588 1.4759 1.7492 0 0
589 1.5668 1.7430 0 0
590 1.3791 1.7565 0 0
591 -0.2161 1.5080 0 0
592 0.4181 0.9140 0 0
593 -0.3570 0.8349 0 0
594 1.3328 0.8964 0 0
595 1.5011 1.3197 0 0
596 1.9959 1.2919 0 0
597 1.9511 1.3800 0 0
598 2.0400 1.1993 0 0
599 2.6913 1.2468 0 0
600 2.7910 1.2405 0 0
601 2.4919 1.2599 0 0
602 2.5362 1.1703 0 0
603 3.0459 1.3108 0 0
604 3.4338 1.1127 0 0
605 3.4781 1.0232 0 0
606 3.3230 0.9464 0 0
607 3.6325 1.0996 0 0
608 3.7231 1.0957 0 0
609 1.9848 1.1168 0 0
610 1.3934 0.3841 0 0
611 1.3350 0.2981 0 0
612 2.6920 0.4689 0 0
613 1.4480 0.4654 0 0
614 0.7145 0.5986 0 0
615 0.4828 0.7627 0 0
616 0.9993 1.4084 0 0
617 0.5571 1.2292 0 0
618 1.1630 1.3710 0 0
619 -0.3971 0.9257 0 0
620 0.9849 1.7806 0 0
621 1.4226 1.8391 0 0
622 0.3508 0.1936 0 0
623 0.4426 0.1831 0 0
624 0.7877 1.7956 0 0
625 0.6886 1.8007 0 0
626 2.8247 0.1980 0 0
627 2.7197 0.2048 0 0
628 -0.1231 1.6813 0 0
629 0.6402 0.1744 0 0
630 0.7305 0.1677 0 0
631 0.6985 1.3628 0 0
632 0.8445 0.6247 0 0
633 1.4770 0.1870 0 0
634 3.2896 1.8246 0 0
635 -0.4578 0.8461 0 0
636 0.9022 1.4129 0 0
637 1.8748 0.1765 0 0
638 0.4911 1.8134 0 0
639 0.3928 1.8188 0 0
640 0.7443 1.8923 0 0
641 2.6472 0.1369 0 0
642 2.6249 0.2253 0 0
643 0.2499 0.1911 0 0
644 0.5682 0.7038 0 0
645 1.0561 0.4955 0 0
646 0.6717 0.6871 0 0
647 -0.3862 1.2645 0 0
648 -0.4207 1.3561 0 0
649 -0.4425 1.1819 0 0
650 3.2199 0.1737 0 0
651 1.3518 1.3595 0 0
652 2.9226 0.1801 0 0
653 -0.0521 1.7636 0 0
654 1.3351 1.8457 0 0
655 1.2745 1.7551 0 0
656 0.4465 1.9062 0 0
657 0.8883 1.8076 0 0
658 1.3481 1.1805 0 0
659 1.2620 1.4224 0 0
660 0.6079 1.3410 0 0
661 3.4179 0.1633 0 0
662 3.5093 0.1576 0 0
663 0.9568 1.8928 0 0
664 0.3911 0.1026 0 0
665 1.5243 0.8892 0 0
666 1.6227 0.8825 0 0
667 2.8584 0.0927 0 0
668 3.0233 0.1710 0 0
669 2.9831 0.2699 0 0
670 0.5906 1.8216 0 0
671 1.5456 1.2301 0 0
672 2.3815 1.0938 0 0
673 2.2820 1.1000 0 0
674 0.8045 1.3752 0 0
675 0.5175 0.6102 0 0
676 -0.0622 0.8167 0 0
677 0.2849 1.6520 0 0
678 2.3265 1.0102 0 0
679 0.9555 0.5020 0 0
680 1.4421 1.2298 0 0
681 1.6001 1.3131 0 0
682 -0.3440 1.1731 0 0
683 -0.3956 1.0936 0 0
684 -0.5094 1.0952 0 0
685 1.4395 1.0623 0 0
686 1.3867 0.9780 0 0
687 2.4811 1.0873 0 0
688 2.5256 0.9977 0 0
689 0.7614 0.5115 0 0
690 0.8153 1.5347 0 0
691 1.0183 1.5125 0 0
692 0.1498 1.9146 0 0
693 1.1510 1.9145 0 0
694 1.1078 1.8299 0 0
695 1.2089 1.8313 0 0
696 0.4669 1.2912 0 0
697 2.0493 0.0865 0 0
698 2.0964 0.1732 0 0
699 2.1993 0.1704 0 0
700 2.1438 0.2563 0 0
701 2.2499 0.0861 0 0
702 2.2969 0.1682 0 0
703 2.3930 0.1689 0 0
704 1.9884 0.1741 0 0
705 0.5714 1.4690 0 0
706 1.9499 1.9134 0 0
707 1.9999 1.8270 0 0
708 2.0997 1.8269 0 0
709 2.0497 1.7406 0 0
710 1.9500 1.7406 0 0
711 1.9998 1.6543 0 0
712 2.1444 1.7434 0 0
713 1.9002 1.6544 0 0
714 1.8504 1.7407 0 0
715 1.9507 1.5652 0 0
716 2.0496 1.5675 0 0
717 1.8035 1.6511 0 0
718 1.7549 1.7370 0 0
719 1.9999 1.4801 0 0
720 2.1002 1.4742 0 0
721 2.1525 1.5685 0 0
722 2.1963 1.8288 0 0
723 2.2421 1.7359 0 0
724 0.3880 0.7154 0 0
725 0.3521 1.1336 0 0
726 0.3952 1.0525 0 0
727 1.1029 0.5817 0 0
728 1.0499 0.0837 0 0
729 1.1000 0.1730 0 0
730 1.2030 0.1705 0 0
731 1.2502 0.0862 0 0
732 1.3048 0.1766 0 0
733 1.3508 0.0820 0 0
734 0.9506 0.0826 0 0
735 0.9142 0.1663 0 0
736 0.2817 0.8808 0 0
737 0.2423 0.9695 0 0
738 1.8536 1.5610 0 0
739 1.5587 0.0916 0 0
740 1.6436 0.1237 0 0
741 2.9462 1.3172 0 0
742 2.8907 1.2340 0 0
743 2.4502 0.0863 0 0
744 2.4974 0.1714 0 0
745 0.1464 0.0753 0 0
746 1.6505 1.9153 0 0
747 1.7499 1.9134 0 0
748 1.7034 1.8265 0 0
749 1.7212 0.8756 0 0
750 1.6666 0.7934 0 0
751 0.0265 0.6399 0 0
752 -0.1063 0.9049 0 0
753 -0.0519 0.9873 0 0
754 -0.0961 1.0755 0 0
755 -0.0417 1.1578 0 0
756 -0.0861 1.2463 0 0
757 0.0126 1.2402 0 0
758 0.0670 1.3224 0 0
759 0.1111 1.2338 0 0
760 0.0228 1.4111 0 0
761 0.0773 1.4936 0 0
762 0.1759 1.4874 0 0
763 2.2044 1.4511 0 0
764 2.2434 1.6290 0 0
765 2.3248 1.6709 0 0
766 2.3501 1.7553 0 0
767 2.0499 1.3859 0 0
768 1.9002 1.8270 0 0
769 1.7428 0.4442 0 0
770 2.3500 1.9134 0 0
771 2.4516 1.9144 0 0
772 2.5019 1.8280 0 0
773 2.6003 1.8270 0 0
774 2.5503 1.7451 0 0
775 2.6480 1.7436 0 0
776 2.5852 1.6696 0 0
777 2.4513 1.7504 0 0
778 2.6500 1.9134 0 0
779 2.6999 1.8270 0 0
780 2.8000 1.8293 0 0
781 2.7421 1.7468 0 0
782 2.2376 1.1892 0 0
783 2.1827 1.1052 0 0
784 2.8027 0.6335 0 0
785 2.8580 0.7162 0 0
786 -0.3469 1.0057 0 0
787 2.7357 1.1572 0 0
788 2.6359 1.1639 0 0
789 2.8500 1.9138 0 0
790 2.8999 1.8297 0 0
791 2.9977 1.8285 0 0
792 2.9381 1.7454 0 0
793 2.1492 1.9138 0 0
794 2.8354 1.1509 0 0
795 2.9351 1.1445 0 0
796 3.0493 1.9138 0 0
797 3.0908 1.8285 0 0
798 3.2010 1.3876 0 0
799 3.3894 0.4219 0 0
800 2.8463 1.3236 0 0
801 3.9140 1.0500 0 0
802 3.8282 0.9924 0 0
803 3.8276 0.8946 0 0
804 3.9135 0.8491 0 0
805 3.8258 0.7978 0 0
806 3.9132 0.7495 0 0
807 3.8235 0.6998 0 0
808 3.8262 0.6000 0 0
809 3.7385 0.6488 0 0
810 3.7383 0.5493 0 0
811 3.8264 0.4999 0 0
812 3.6539 0.6021 0 0
813 3.7402 0.4500 0 0
814 3.8267 0.4000 0 0
815 3.7402 0.3501 0 0
816 3.8268 0.3000 0 0
817 3.7401 0.2501 0 0
818 3.6511 0.2035 0 0
819 3.8296 0.1993 0 0
820 3.7443 0.1505 0 0
821 3.9133 0.4500 0 0
822 3.9146 1.2500 0 0
823 3.8330 1.2042 0 0
824 3.9136 1.4500 0 0
825 3.8350 1.3994 0 0
826 3.8295 1.4999 0 0
827 3.9139 1.5500 0 0
828 3.8273 1.6000 0 0
829 3.8269 1.7000 0 0
830 3.7403 1.6500 0 0
831 3.7402 1.7500 0 0
832 3.6536 1.7000 0 0
833 3.6653 1.5973 0 0
834 3.5675 1.6425 0 0
835 3.5762 1.7518 0 0
836 3.8296 1.8007 0 0
837 3.7446 1.8497 0 0
838 3.7485 1.5515 0 0
839 3.9134 0.2500 0 0
840 3.5474 1.9138 0 0
841 3.4490 1.9131 0 0
842 3.3921 1.8227 0 0
843 3.2457 1.9138 0 0
844 3.4956 1.8091 0 0
845 0.1253 0.6340 0 0
846 3.6582 1.7990 0 0
847 3.9134 1.7500 0 0
848 3.4448 1.2854 0 0
849 2.4489 0.5710 0 0
850 3.4121 0.7671 0 0
851 3.1790 1.0423 0 0
852 2.0514 0.5965 0 0
853 3.9132 0.5500 0 0
854 3.1683 1.6488 0 0
855 3.4114 1.5480 0 0
856 3.2899 0.4284 0 0
857 3.1902 0.4348 0 0
858 3.6935 1.3558 0 0
859 3.0015 1.4003 0 0
860 3.1459 0.5243 0 0
861 3.3452 0.5115 0 0
862 3.3894 1.2022 0 0
863 3.1456 1.3044 0 0
864 2.2500 0.5839 0 0
865 3.1236 0.9591 0 0
866 3.2123 0.7801 0 0
867 1.6443 1.2243 0 0
868 2.5473 1.3427 0 0
869 3.4668 1.6309 0 0
870 2.8020 1.4127 0 0
871 2.8137 0.8057 0 0
872 2.5592 0.7355 0 0
873 -0.2263 0.5679 0 0
874 -0.3260 0.5720 0 0
875 -0.3697 0.6594 0 0
876 -0.4297 0.5670 0 0
877 -0.2819 0.4837 0 0
878 3.4892 1.1958 0 0
879 3.1013 1.3940 0 0
880 1.9522 0.6028 0 0
881 -0.0178 0.7283 0 0
882 2.5916 1.2533 0 0
883 2.4477 1.3489 0 0
884 2.6252 0.9912 0 0
885 0.1214 1.4048 0 0
886 2.3602 0.7482 0 0
887 3.5334 1.1063 0 0
888 1.6442 0.4511 0 0
889 -0.3128 0.7459 0 0
890 1.9632 0.7741 0 0
891 3.2233 0.9528 0 0
892 0.0606 0.3805 0 0
893 0.1049 0.2919 0 0
894 2.3841 0.3219 0 0
895 2.9576 0.7098 0 0
896 -0.2706 1.4260 0 0
897 -0.1355 0.3901 0 0
898 -0.0934 0.2985 0 0
899 2.1615 0.7613 0 0
900 2.9133 0.7993 0 0
901 2.0941 1.6576 0 0
902 3.2677 0.8633 0 0
903 3.0914 0.4407 0 0
904 2.9023 0.6268 0 0
905 1.3239 1.6728 0 0
906 1.9866 0.3446 0 0
907 1.8015 1.8264 0 0
908 -0.1669 1.5858 0 0
909 1.9082 0.6916 0 0
910 1.5682 0.8001 0 0
911 3.1379 0.3522 0 0
912 1.7789 0.1828 0 0
913 -0.0075 0.8987 0 0
914 3.3675 0.8568 0 0
915 1.6773 0.9649 0 0
916 3.4228 0.9400 0 0
917 0.7911 0.2541 0 0
918 1.8514 1.3838 0 0
919 1.5664 1.5729 0 0
920 3.5225 0.9337 0 0
921 1.8858 1.1232 0 0
922 2.8799 1.0613 0 0
923 0.3124 0.4516 0 0
924 3.5777 1.0168 0 0
925 1.6993 0.5333 0 0
926 0.6342 1.7198 0 0
927 0.0459 1.7517 0 0
928 0.5541 0.3519 0 0
929 0.0060 0.2970 0 0
930 0.0487 0.2088 0 0
931 1.4045 0.5533 0 0
932 1.2250 1.6750 0 0
933 3.6734 1.0156 0 0
934 0.0028 1.0691 0 0
935 1.4272 0.8939 0 0
936 1.3718 0.8104 0 0
937 1.9300 1.0343 0 0
938 0.0810 0.7222 0 0
939 2.0072 0.6853 0 0
940 0.1655 1.3159 0 0
941 0.2741 1.4801 0 0
942 2.0290 1.0280 0 0
943 2.7366 0.3798 0 0
944 0.2580 0.3689 0 0
945 2.5214 1.5945 0 0
946 1.6159 1.6534 0 0
947 -0.0479 0.2137 0 0
948 -0.1894 0.3086 0 0
949 1.2496 0.2551 0 0
950 0.4993 0.2690 0 0
951 2.2272 1.0163 0 0
952 2.1064 0.6789 0 0
953 1.1658 0.6545 0 0
954 2.0944 1.2863 0 0
955 2.0837 1.1109 0 0
956 0.2038 0.2851 0 0
957 2.5807 1.0807 0 0
958 0.6470 1.9087 0 0
959 1.5026 0.5468 0 0
960 0.2302 1.5696 0 0
961 2.2056 0.6726 0 0
962 0.1465 0.2086 0 0
963 2.3050 0.6663 0 0
964 2.4045 0.6598 0 0
965 2.5040 0.6534 0 0
966 0.3475 1.9114 0 0
967 0.3828 1.6454 0 0
968 2.6034 0.6469 0 0
969 2.6477 0.5579 0 0
970 2.7473 0.5512 0 0
971 2.7916 0.4615 0 0
972 1.5458 0.4581 0 0
973 -0.0760 1.8572 0 0
974 2.1387 1.1949 0 0
975 1.4908 0.3760 0 0
976 0.4451 1.1314 0 0
977 0.3388 1.7347 0 0
978 1.4357 0.2922 0 0
979 0.1955 1.8283 0 0
980 0.2939 1.8245 0 0
981 1.1530 0.4879 0 0
982 0.5397 0.1792 0 0
983 3.8181 1.0965 0 0
984 1.9033 1.4693 0 0
985 1.8380 0.0895 0 0
986 1.1973 0.4054 0 0
987 3.1204 0.1734 0 0
988 -0.2227 1.7320 0 0
989 0.6563 0.8385 0 0
990 0.1000 1.8316 0 0
991 2.6835 0.2990 0 0
992 -0.3623 1.4347 0 0
993 3.1266 1.7376 0 0
994 1.3863 0.2172 0 0
995 3.2600 0.0858 0 0
996 3.9178 1.8470 0 0
997 3.9178 0.1530 0 0
998 3.8328 1.3000 0 0
999 2.5820 0.3107 0 0
1000 0.6571 0.0823 0 0
1001 0.3473 0.9602 0 0
1002 -0.4060 0.7550 0 0
1003 1.7575 1.5624 0 0
1004 1.6065 1.8288 0 0
1005 3.7454 1.4456 0 0
1006 -0.3326 0.3973 0 0
1007 -0.5368 0.9010 0 0
1008 2.0396 0.2585 0 0
1009 -0.3445 1.5975 0 0
1010 -0.2341 0.3956 0 0
1011 0.7574 0.0809 0 0
1012 3.3188 0.1688 0 0
1013 -0.4415 1.0105 0 0
1014 1.7103 1.6488 0 0
1015 3.0811 0.2642 0 0
1016 2.9744 1.6593 0 0
1017 2.4098 1.8325 0 0
1018 0.5337 1.1413 0 0
1019 3.1883 1.8275 0 0
1020 3.0569 0.0828 0 0
1021 0.4151 0.8189 0 0
1022 3.4542 0.0776 0 0
1023 2.1915 0.3340 0 0
1024 3.6048 1.5311 0 0
1025 -0.0880 0.1366 0 0
1026 1.4518 1.9247 0 0
1027 1.6836 0.1918 0 0
1028 0.8926 0.2560 0 0
1029 2.8374 1.7448 0 0
1030 0.9155 0.5751 0 0
1031 1.6596 1.7396 0 0
1032 -0.2552 1.5858 0 0
1033 2.2912 1.8326 0 0
1034 0.0082 1.8384 0 0
1035 -0.5292 1.1862 0 0
1036 3.0329 1.7422 0 0
1037 -0.3081 1.5122 0 0
1038 3.5529 0.0789 0 0
1039 -0.4672 0.6578 0 0
1040 2.2420 0.2511 0 0
1041 1.3528 1.9280 0 0
1042 1.0025 0.1490 0 0
1043 3.7520 0.8412 0 0
1044 2.7787 1.6643 0 0
1045 0.0983 0.1353 0 0
1046 3.5659 0.2365 0 0
1047 3.6572 0.6840 0 0
1048 1.5127 1.8336 0 0
1049 0.7596 0.6674 0 0
1050 3.6696 0.4041 0 0
1051 3.7500 0.0670 0 0
1052 3.7500 1.9330 0 0
1053 2.3370 0.2484 0 0
1054 0.4740 0.6815 0 0
1055 0.8583 1.2981 0 0
1056 1.0916 0.2626 0 0
1057 -0.5392 0.8187 0 0
1058 0.5895 1.0816 0 0
1059 0.6413 0.7625 0 0
1060 -0.4500 1.4429 0 0
1061 1.1739 1.7524 0 0
1062 0.4687 0.0758 0 0
1063 1.0875 1.4306 0 0
1064 3.5862 1.8357 0 0
1065 2.4368 0.2451 0 0
1066 1.4195 1.3143 0 0
1067 2.6803 1.6635 0 0
1068 0.4810 1.2014 0 0
1069 3.5057 1.7110 0 0
1070 2.6198 1.5872 0 0
1071 3.5805 0.5688 0 0
1072 0.8227 0.1660 0 0
1073 2.5769 0.1641 0 0
1074 0.5384 1.3051 0 0
1075 1.0771 1.7592 0 0
1076 2.3202 1.5938 0 0
1077 1.3601 1.4393 0 0
1078 1.1708 0.2514 0 0
1079 2.5305 0.2422 0 0
1080 1.2402 0.3353 0 0
1081 1.1629 1.4534 0 0
1082 3.9268 0.0732 0 0
1083 3.9268 1.9268 0 0
1084 2.4869 1.6759 0 0
1085 3.5867 0.1538 0 0
1086 1.4163 1.1385 0 0
1087 3.7549 1.0269 0 0
1088 0.3062 0.1155 0 0
1089 2.4035 1.6905 0 0
1090 0.8401 1.4609 0 0
1091 1.3976 0.1452 0 0
1092 3.7608 1.1678 0 0
1093 1.0269 1.8424 0 0
1094 0.3604 0.8668 0 0
1095 3.7741 1.3467 0 0
1096 -0.0219 1.9119 0 0
1097 -0.2389 0.2445 0 0
1098 0.1878 0.1436 0 0
1099 -0.4972 1.3689 0 0
1100 -0.4724 0.9402 0 0
1101 0.4366 0.9858 0 0
1102 0.7861 0.5795 0 0
1103 2.6505 0.0571 0 0
1104 0.9624 1.4676 0 0
1105 -0.2103 1.6510 0 0
1106 1.2765 1.1500 0 0
1107 1.1501 0.7236 0 0
1108 0.0588 0.0594 0 0
1109 1.3125 0.9669 0 0
1110 2.1734 1.6682 0 0
1111 0.7271 0.8490 0 0
1112 3.6804 1.5118 0 0
1113 0.6156 1.4103 0 0
1114 1.6486 0.0541 0 0
